字	对应向量	训练样本数100
惟	[ 0.28892577  0.99006927 -0.2463492  -0.49072838  0.9350814 ]
端	[-0.81794983 -1.5386146   1.290267    0.5888755   1.5649892 ]
民	[-0.33627838 -1.5478663  -0.8943938  -0.52320194  0.43137175]
叶	[ 0.19610448 -0.62758625 -2.2123523  -1.0715079  -0.26109794]
素	[-0.78149116 -0.00588499 -0.1747138   0.18537667 -0.26713094]
夷	[ 1.8353292  0.530336  -1.418937   1.0801423 -0.8748794]
谅	[-1.7850833  -1.028072   -0.7407883  -0.8254038  -0.67522174]
晞	[-0.0301072  -0.5584962  -1.3452982   0.08231757 -0.23613504]
陇	[ 0.59001726  0.4137178  -1.4810975  -0.84214485  0.88734686]
晚	[-1.4005958  -0.01429847  0.97888774  1.0347714  -2.036154  ]
七	[-0.03496136  0.820132    0.59091365  0.993803    0.43160942]
荐	[-0.3041587   0.85103023 -0.3786226   0.367283    0.563078  ]
辇	[ 0.05248038 -0.7661548   1.0715708   0.39797872  1.5232846 ]
娇	[ 0.82627094 -0.58321553 -0.8986061  -1.2716095   1.4003636 ]
雾	[ 0.18525492  0.99089956  0.00681678 -1.1439316   0.56580484]
岩	[-0.61534274  0.5430616   1.5105659  -0.857153    0.17894037]
荇	[ 1.0326765  -0.19028808 -1.2776664  -0.2823043  -1.578139  ]
日	[-0.8978944   0.06214942 -0.04840408 -0.1269629  -0.48576143]
欢	[-0.604036   -0.6364373  -0.08862488 -1.205465    0.32045612]
瞩	[ 2.0748281   0.21194397  1.2544028  -1.8072257  -0.39480415]
衡	[-0.8802004   1.1917092   0.06796454  0.62657887 -1.0737734 ]
送	[ 1.47761    -0.914407   -2.1952324  -1.1258957   0.20284131]
图	[ 0.4944353  -0.32127297 -2.038181   -0.6920324   0.73529875]
三	[-2.4700973  -1.6947534  -0.55407125 -0.24900773 -0.24309999]
绮	[ 0.671283   -1.8289894  -0.7643283  -0.29947698 -1.4318719 ]
瑀	[-1.1264684   0.10336901  0.15996695 -0.32517567 -0.5871756 ]
数	[ 0.83245647 -0.37722704  0.41842803 -1.1572236  -0.03838761]
垂	[ 0.68928    0.6374928 -0.1691301 -1.7747431  0.6410977]
厚	[-0.32516414  0.68509567  0.07987212 -0.06822139 -0.46904114]
峰	[ 0.41424102  0.86736715 -1.8006861  -2.031816    0.39279014]
谯	[ 0.02943486 -2.241386    0.10554709 -0.0654952   0.17972872]
夕	[ 1.6609993   1.7299752  -0.13944213 -0.1746063   0.22525474]
先	[-1.0222811e+00 -4.1201711e-05  2.0545228e+00  2.1506977e-01
 -1.3677160e+00]
防	[ 0.51948863  1.8468803   0.13385369 -0.7707035   0.54998225]
京	[ 0.15811594 -1.3009517  -0.20926899 -1.2316754  -0.42696157]
春	[ 0.1142092   0.73687524 -0.8093964  -0.5829285  -1.475148  ]
万	[ 0.9136725  -1.0032424  -0.6029748  -0.7019746  -0.65825284]
名	[1.493127   0.14503331 1.2438346  1.5297315  1.1095158 ]
力	[ 0.50087863 -1.3388906   1.4659296   0.79131407 -2.465685  ]
举	[-0.8791882  -1.3569094  -0.31764743  1.307604    0.18245935]
满	[0.43283796 0.90429974 1.0908418  0.3550206  1.6907142 ]
銮	[ 0.3690792  -0.47655165  0.10897394  2.6119013  -1.4312382 ]
迎	[ 1.3922749  -0.4134133   0.7747247   0.74858165 -0.5527083 ]
岑	[ 0.6781816  -0.7634643  -0.20189814  1.5778486  -0.39639416]
琼	[-1.2140641  -1.1151564   0.65095246  0.3305362  -0.9618192 ]
写	[ 0.6025966   2.0019767   0.40586725 -0.20706242 -0.12695661]
1	[-0.7569587  -0.57837605  0.57850266  1.2726376  -0.60199815]
船	[-0.14787485 -0.75961614  0.23764944 -1.0359077   0.03069064]
翅	[ 0.43012875 -0.1499729   0.6033133  -0.43707773  0.0215785 ]
罢	[ 0.2394947  -1.4152304  -0.36215314  1.6932042   0.00735395]
浦	[ 0.1948191  -0.214266    0.61746305 -1.1862992   1.4009588 ]
濛	[ 0.03429287  0.9542612  -0.7086641  -2.527301   -0.28212458]
障	[ 1.430054   -0.0343792  -0.5468871   0.17885312 -0.29978755]
共	[ 0.12876752 -0.33599824  0.09094086 -0.24171463 -0.44186226]
栋	[ 1.0510598   0.08866699 -0.6879418  -0.21621633  0.23312947]
航	[-0.0651087  -0.09468102  0.28834924  0.79482585 -1.751219  ]
闺	[-1.0535998  -2.1248546  -0.07947405 -0.30556494  0.6124908 ]
才	[ 1.7354751   0.02379441 -0.42951685 -0.9414155   0.76747394]
云	[ 0.8813935  -0.8702507   0.54315335 -0.7188464   0.63399404]
持	[-1.2523869  -0.11389443  0.83257765 -0.14369729 -2.0787258 ]
臣	[-0.91095734 -0.18104807 -0.6030134   0.20940614  1.9803429 ]
叠	[ 0.61656445 -0.75723666  0.32855752 -1.4686749   1.6042775 ]
携	[ 0.23152322 -0.54386526  0.13289744  0.5300446  -1.2014583 ]
津	[-0.45043272  0.6049348  -1.700541   -0.8198555   0.4900765 ]
任	[ 1.5599822   0.17001821  0.62485045  0.5930982  -0.7651872 ]
眷	[-0.04543945  0.6777806   0.63105893  0.01238134  1.199287  ]
灯	[ 0.28754544 -0.10027886 -1.6886228   0.64327633  0.5585937 ]
弄	[ 0.6154274 -1.0482439  0.9275785 -0.1864699  1.342988 ]
匣	[-1.938752    0.2666703   0.00735284  0.85762507 -0.0774466 ]
景	[-0.62513226  0.8491638  -0.32327178 -0.6024647   0.24235347]
餐	[-1.0597715  -0.65046835 -2.4072604   0.00707588  0.9660138 ]
厉	[-0.8532582  -0.6406132  -0.86281866  0.6000311   3.127837  ]
获	[-0.9354454   0.06880195 -1.9711138  -0.625698    0.03085309]
途	[-0.0325617  -1.1602812   1.7473376  -2.0194168   0.97179496]
欹	[ 2.2698948  -0.6515297  -0.7174344   0.06144143 -0.4091039 ]
q	[-1.5426767 -2.1785812 -0.6436317 -1.0890034 -0.8078682]
芙	[ 0.3891905  -0.18098524  0.5218274  -1.0949005   1.0596215 ]
意	[ 0.27697808 -0.3469565  -0.89994943 -0.20756981  0.8956418 ]
寄	[ 0.46609664 -0.7612461   0.547284    0.8666212  -0.4842339 ]
耸	[ 1.4430345   0.5399874   1.9708341   0.44187623 -0.9053649 ]
差	[-0.3474698   1.0786247  -0.65554315  0.4647742   0.24798608]
l	[ 0.05549707 -2.0385914   0.28335565  0.04552736  0.6297607 ]
巧	[-0.62290794  0.2382728   0.12547679 -0.25351548  0.24215367]
就	[ 1.3696581  -1.324315    0.05883944 -2.3599858   0.05224562]
廓	[-0.5395596   0.3493176   0.6689195   0.09171336 -0.3670451 ]
怀	[ 0.892678   -0.40590405  0.14713804  0.6136909  -0.3517357 ]
肱	[-2.195383   -0.69736606  0.7445715  -0.5508845  -0.36842448]
残	[ 1.0107269  -1.2148008   0.09746023 -0.37561837 -0.42759374]
隐	[ 0.6390549   0.54411715 -0.22683498  0.9839374   0.42260942]
徘	[-0.00833045  1.0030072   0.7829895  -1.0749397   0.5150741 ]
毛	[-0.21555401 -0.07625196 -1.6160626  -0.52299744  0.13413861]
义	[ 1.1398246   0.36695647 -0.24305034  1.5982752   2.2664955 ]
替	[ 0.42468613  0.1988026  -0.8984695  -0.8782102   0.07384075]
当	[-1.6416965  -0.21516053  0.9530069   1.0131484   0.5580629 ]
暑	[ 1.2302091   2.6565294  -1.0581542  -0.8493532   0.10963494]
圭	[-2.9300923  1.1725782  1.3462362  0.3544288 -0.6436075]
畴	[ 0.7279946  -0.20437363  0.62913305  0.67930984  1.2966548 ]
慎	[-0.75957    -0.8413492   0.12879054 -0.24959534 -0.73818   ]
簉	[-0.56870997  0.3774944  -0.78398484 -1.0641162  -0.2634077 ]
禁	[ 0.21995015 -0.8935311   0.5090006   0.9319408   1.3109891 ]
澹	[-0.60147965  0.87591183  1.1722589  -0.66646916 -0.48037675]
净	[-0.07993285  0.14118998  0.2950685  -1.5589926   0.35988566]
洪	[ 0.43859428  0.8522649  -1.5886773  -0.09938911  0.00996031]
旌	[-0.2787786  1.5229136 -1.6788292 -1.109722  -0.9250113]
务	[ 2.4215078  -0.6404289  -0.16896406  0.25497702 -1.3292224 ]
箱	[-0.54219246  1.9630336  -0.05972281  0.9057834  -0.58312035]
烟	[-0.7365288 -0.6588222 -0.3720338 -1.0751798 -1.2994105]
长	[-0.6112033  -1.7429284  -0.8914126  -0.06151729  1.0675281 ]
羌	[ 0.2621421   1.2310519   0.09772791 -0.36649856  0.24491596]
调	[-0.1802425  -0.11376527  1.463596    0.5016382   1.780888  ]
缓	[-1.1044569  -0.61300796 -0.28905818  1.8084037  -0.7249902 ]
篆	[ 1.0787128  -0.05986807 -1.4183338  -0.35260102 -0.30079272]
寿	[-0.52016693 -1.1058904   0.6688341   0.81725305  1.3831006 ]
咏	[ 0.72532654 -0.891827   -1.4301107   1.4933089   0.54250383]
醑	[-0.76768553  1.2168111  -0.56071585 -0.5161135  -1.6108496 ]
龄	[-1.1948618  -1.2704353  -1.152919   -0.15323609 -0.5070011 ]
梨	[-1.1727622  -0.86598974  1.5666741   1.3219603  -1.3498919 ]
钏	[-0.39379787  0.24606581  0.5393314  -2.478159   -0.24639428]
醉	[ 1.7836338  -1.0144769  -1.6103233   0.87737674  0.9051923 ]
还	[-0.6316558  -1.534332   -0.66707796 -0.54215586 -1.1707193 ]
休	[-1.371083   -0.13095704  0.1933988  -0.22596765 -0.1503239 ]
漏	[-0.12132201  0.07010159 -0.7842241  -0.6751421  -0.5416866 ]
独	[-0.32870603  1.0940636   0.8721122  -0.50341606 -0.8174571 ]
浪	[-0.68844706 -0.3645903  -0.11930227 -1.1928307   0.14843914]
湛	[ 1.0051758   1.1745903   1.2043645  -0.97034746 -0.35874364]
岫	[-2.1124089   0.73993623  0.5647742  -0.7000003  -0.04978239]
乍	[-0.9534824   0.15644194 -0.5767889  -0.13884526 -0.29558176]
抑	[-1.1125715 -1.245042  -1.2005094 -1.1307799  0.1620836]
晷	[ 0.7652192  -1.7026091  -1.6243286   0.49983412  1.2146493 ]
起	[-1.0403788   0.01169248  0.20415556 -0.3246428   0.16254282]
泉	[-2.081972    0.8224211   1.096521    1.474662   -0.12673274]
纪	[ 0.5771418  -0.30133834 -1.4568155   0.46473378  1.1657152 ]
扶	[-0.8276006  -0.50193775 -0.3433491  -1.2691439   0.76567507]
破	[-1.6901877   1.0122526  -0.26520512 -0.76203984  1.1517969 ]
戍	[-1.147139    0.22464074 -0.82154596 -0.62753755 -0.32771862]
筠	[-0.92776585  0.715737   -1.0350225   2.3240178  -0.9755559 ]
兽	[ 0.84631526 -0.08819288  0.29537135  2.2552392  -0.86931026]
薨	[-0.678811   0.9025285 -1.5248977 -2.209187  -2.7713068]
物	[-0.5951128  -2.1243773   0.640461    0.14356151 -0.12191055]
尘	[ 0.06885196  1.5601397  -1.0964584   0.07281858 -0.9243165 ]
蕃	[-1.3768432   0.9462706  -1.0199468  -0.00785593 -1.0274756 ]
拥	[ 1.755175    0.25095773 -0.09971423  0.8944899   1.3499299 ]
列	[ 0.5265861   0.13724871  0.57157415  0.75403875 -1.2126883 ]
知	[ 0.24025255 -2.3752532  -1.0713356  -0.31067523  1.8752681 ]
产	[ 0.996427    1.182437    0.83081114  1.0573169  -0.09384742]
迥	[ 0.22978887 -0.27258193 -0.34132117  1.1508977   0.42185476]
献	[ 0.7055415  -0.12287128  0.03017001  0.424177    0.7729125 ]
祥	[ 0.45035535  0.10311301 -0.13129422  0.05869608  0.9512248 ]
筑	[-1.7787831  -0.92905396 -0.6179715  -0.5652802   0.19831371]
潮	[-0.74931383  0.70612115  1.1793678   0.48480105  0.0502231 ]
宿	[ 0.6612935  -0.6526706   0.85468197 -0.621999   -1.2325282 ]
合	[-0.9682337   0.00872709  0.727002   -0.72251475 -0.5257423 ]
轸	[-0.98737884  1.2905058   0.95230776 -1.219169   -1.4446384 ]
碎	[ 0.07551268 -1.3331566  -0.19462284  0.7484712   0.25116548]
木	[-0.46766937 -1.8800526   0.5087768   1.5385654  -1.2667664 ]
频	[-0.72264105  1.6590592  -1.7949638  -1.2185742  -0.86787146]
搜	[ 0.23703796 -0.89411694  1.4432477  -0.04683536 -0.14141506]
幡	[-0.14006372 -0.42429894  0.08638221 -0.14534283  0.79473585]
鹢	[ 0.9780622 -0.9959305 -0.6930409  1.9413791 -1.7274346]
俱	[-0.20039569 -0.2219226  -1.1325377  -0.05326699 -1.7662796 ]
目	[-1.3277745  -0.5219284  -0.05330235  3.0910285   0.959204  ]
情	[ 0.054502   -0.02015194 -0.15386344 -0.38160104 -0.32560658]
雪	[-0.50334394  0.39575088  0.6031137   0.33866823 -0.3955259 ]
智	[ 0.81057024 -1.0622175   0.13508433 -0.73015434 -1.7178192 ]
於	[-0.522232   -1.4355114   0.84071404  0.68677646  0.77778363]
全	[ 0.9078127  -1.0548335  -1.8573067  -1.9428247  -0.90478706]
庶	[ 1.4864894  0.7620373 -0.7966595  0.1865629  1.0738903]
观	[-1.3421446  -0.85286427  0.24787903 -1.6712139   1.4050426 ]
禾	[ 1.3886791   0.42279494 -0.6718877  -0.59676766  1.4133292 ]
贤	[ 0.5442728  -0.7788951  -0.07812674 -1.0145494  -0.00424246]
己	[-1.5208635  -0.9595571  -1.7444855  -0.8613536  -0.15048152]
是	[ 0.9157296 -1.3146536  0.8667643  0.5218491  1.3419766]
凯	[-1.1061583   0.35267502  1.2404922  -1.8641258  -0.47420767]
奚	[ 0.47700447  0.49358213 -0.29072514  0.67786026  1.5076913 ]
规	[ 0.45130336 -1.2114006   0.04820122 -0.99413395  0.57463133]
羞	[-0.32297945 -1.0142525  -0.784621    0.8517506   1.2276771 ]
派	[-0.11221522 -1.3109119  -0.49565974  1.1378088  -0.02680528]
晖	[-0.00741984  0.4075908   0.6156409   0.02299314 -1.1419325 ]
榜	[-0.23677205 -1.3615499  -1.5000279  -1.7378411   0.69137865]
定	[ 1.4872509  -0.15029402  0.6230588  -3.3053002   0.8158774 ]
避	[-0.4549995  0.0345258 -0.0289587 -1.4836346 -1.1565948]
曜	[ 2.74698     0.19605492  0.5284445  -1.3147703   0.98478717]
杼	[ 0.61304545  0.57709354 -1.1634005   1.8227334   0.224857  ]
彩	[ 0.08649994  1.0889952   0.13176289 -0.9814295  -0.49318972]
晦	[-0.05971691 -0.21843861 -0.1395853  -0.6505702   1.0258567 ]
晴	[-0.38489097 -2.7785392   1.0505431  -0.12620336 -1.0917516 ]
殿	[-1.7560505  -0.5975278  -0.18828219  0.07023282 -0.76167345]
手	[ 0.8089634  0.9912633  0.8700244  1.2229499 -1.2972993]
昔	[-0.58788455  0.3601849  -0.21863435 -1.1914191   0.4493358 ]
璧	[ 0.37455308 -0.34179628 -1.2930413   0.3020665   0.6683338 ]
妍	[ 0.73081404  0.22545461  0.8063435  -0.17154811  0.8552546 ]
六	[ 0.9563924  -0.872908    0.4624181  -0.0268328  -0.48506048]
后	[ 1.8696359  -0.46220016 -0.7961585   2.1325414   0.9517179 ]
养	[1.4103851  1.1791925  0.41952857 0.32317293 0.92882687]
舆	[ 0.39217103 -0.064302    1.5437597  -0.55757284  0.15781565]
饯	[-0.29040802 -1.6432108   1.0830622   1.283787    1.2661294 ]
谟	[ 1.5762587   0.00640117  0.24640942 -1.5162581   0.6191391 ]
黄	[ 0.18855223  0.36404485  0.4308356  -1.2833142  -0.3831369 ]
辔	[-0.8918247  -2.0884135   0.77013606 -1.2612933  -2.057714  ]
踪	[ 1.4257232  -0.23654848 -0.6235712  -0.15258694 -2.2078042 ]
阶	[ 0.97168934  0.07085504 -1.2622813  -1.7966298   0.4244401 ]
岁	[-0.41301304 -0.1343435  -0.43250823  0.53754836  1.2101225 ]
由	[ 0.02228232 -1.0496542  -0.941672    0.48495787 -1.4398423 ]
淹	[ 0.6173335  -1.386724   -0.03505998 -0.5350474   0.7254878 ]
晓	[ 0.89954406  0.03771757  1.0969977  -0.2557115  -0.27168843]
央	[-0.23232557 -0.89192927 -0.39837843  0.7378893   0.17634165]
叙	[ 0.5906277 -1.0551472  2.040759  -2.3236163 -0.8180344]
邃	[-0.58538246  0.10924558  1.2173512   0.14274457 -0.44564232]
灞	[ 0.632942   -0.17569292 -0.3721718   2.7416368   0.35009632]
新	[ 1.4765922  -0.01168704  1.2012987   0.20001799  0.35035232]
纳	[ 1.6426996  -0.811934   -0.24166688 -0.97582364 -0.50578296]
开	[ 0.2637548  -1.8542131  -0.17013283  0.17646468 -0.21307176]
忌	[ 0.4887749  -0.28173083  1.8068676   0.21130982 -1.6456201 ]
盖	[ 0.37357807  0.16311444 -1.2982628   0.5139497  -2.0059752 ]
矜	[-0.45993042 -0.6884131   0.2564123   0.54789275  1.1200812 ]
明	[-0.59193885 -0.35714972  0.44553134  0.3070196   0.61658615]
应	[ 1.9297823 -1.402582  -1.0418769  0.2729739 -1.7774098]
肃	[ 1.7501724  -0.8199856   0.35538468 -1.2144347   1.8787526 ]
聊	[ 0.1432658  -0.25437716  1.7392935  -0.609381   -0.67661   ]
添	[ 0.17226936  0.45523065 -0.51678807 -0.21003635 -0.01271951]
机	[-1.275037   -0.6500949   0.02153713 -1.2483951   1.3632162 ]
经	[ 0.8926125  -0.07296139  1.4900614   0.03902238 -1.062307  ]
酒	[ 1.5747598 -0.5736827  2.8163376 -0.894318   0.8038836]
炎	[ 0.3788318  -2.0272036   1.0918953  -0.37979183  1.2565882 ]
测	[ 0.42638665 -0.7370297  -1.3141819  -0.51178324 -1.9012014 ]
仗	[-1.1797295  -0.2609569  -1.1443888   0.93674123  0.84681594]
棹	[ 0.15006794 -1.7341512  -0.1943241  -0.47863302  0.18894517]
屈	[-0.22551312  0.5700302   0.7859422   1.5061469   0.24097058]
辰	[ 0.06874694  0.7672936   0.03881742 -0.65436006 -1.9645808 ]
尊	[ 1.0498785  1.3245044  0.1784319 -0.9664298 -2.0407362]
帷	[ 0.7752582  -0.4480812  -0.18402368  0.69859356 -1.534315  ]
制	[ 0.24316373  1.1151171  -0.0680545  -1.1213242   1.553632  ]
殊	[ 0.32785866  2.427243   -0.14716601 -0.45387506  0.44404864]
提	[-1.2788492   0.31905174 -0.5220951  -0.10084383  0.73381674]
瑞	[ 0.62816066  0.15287773  0.9603507  -1.4922818  -1.475015  ]
危	[-0.86087304 -1.3749638  -0.33321258  0.98322594  0.7588948 ]
象	[-4.5251572e-01 -5.8811647e-01 -8.2613528e-04 -9.4344324e-01
  1.7807998e-02]
尉	[-0.05775993  0.02053918  0.4382657  -1.2585737   0.57784927]
（	[ 0.50664353 -0.8040985   0.5974243  -1.4023037   1.2454278 ]
崇	[-0.33748096 -0.48006386 -0.07928699 -0.99273425  0.10363729]
和	[ 2.241431    0.02229631  0.08260895 -0.0199628   0.8867862 ]
嶂	[-0.5532446  -0.11721826 -0.23950969 -0.04385528 -1.3618426 ]
予	[-0.19258343 -0.9760742  -0.95518124 -2.0295138   1.3853892 ]
罩	[-0.6048631   0.31108814  0.44194385 -1.0030786   1.1732155 ]
百	[ 0.19137129 -0.6558006   0.8836262  -1.3415165  -0.2808197 ]
资	[-0.685048   -0.8073981  -0.29851532 -0.5684811   1.0735126 ]
鹿	[-1.4417669  -0.7649655   0.81283385 -0.14635989 -0.6680786 ]
主	[0.54443204 0.06235325 1.1182404  0.3613741  1.3991095 ]
雕	[-0.62048906  0.39803922  1.1093224  -0.4856944  -1.3233202 ]
相	[ 0.04382219 -0.40370518  1.2094972  -0.16279289  1.0148314 ]
装	[ 1.1951841   0.29050165 -1.5625647  -0.08563095  1.6255401 ]
商	[-0.20487325 -0.32407475  1.0392649  -0.19069095  0.06998204]
振	[ 0.60406435 -1.627033   -1.0720619  -1.0829767   0.09998968]
宣	[ 0.76385516 -1.6495874  -1.3424219  -0.5280172  -0.28086555]
道	[-0.58453864  0.17987801  2.848968    0.8979312  -0.78560966]
转	[ 0.01735255 -1.2967135  -0.13738751 -0.6926275  -1.3535519 ]
温	[ 1.5802448  -1.6158185  -0.83202827  1.7876736  -0.20531377]
阅	[ 0.41397363  0.9076544  -0.94612247 -1.1479411  -0.74299985]
芸	[ 1.1251817  -0.95588034 -0.04897083 -1.6407385   0.80406564]
农	[ 0.8418352  -0.99503493  0.24846345 -1.2729238   1.2500175 ]
军	[-0.6594923   1.0868758  -1.2123041   0.82211924 -0.7021952 ]
疾	[ 0.5746777   2.085157    0.59516704 -1.1090482   1.7440928 ]
怡	[-0.8765702  -0.31136793 -0.9364304  -2.6721358  -0.17993736]
停	[ 0.25632071 -1.5169786  -0.69859946 -0.17373621 -0.06964856]
舒	[ 1.4268476   1.985622   -1.2152733  -0.37785864 -1.2598363 ]
悠	[-1.0600871   0.82747966  0.9671206  -0.45343557  0.8061276 ]
辅	[ 1.0571024  -1.0718912  -0.6278321   1.5182979   0.30691975]
嵩	[-0.09647828 -0.8272265  -0.35783926 -0.78110886  0.68970907]
化	[-0.78440315 -0.47682494 -1.259418    0.4090097   1.0955627 ]
置	[ 1.3242073  -0.48372877  1.183439    1.7065071   0.9864506 ]
引	[-0.02652897 -0.03350802 -0.14084798 -2.135614    0.05171033]
决	[ 0.32734323 -1.0590397   0.13655548  0.40264606 -1.2235909 ]
愚	[ 0.00777224 -2.3826141  -0.07073318 -0.9011644   0.72684014]
别	[ 0.10557389  0.26338005  1.2150277  -0.5150721  -0.04438562]
驰	[-0.3856972   0.03101669 -0.8042009   0.18482742 -0.6402896 ]
疑	[0.87022036 0.17774741 0.09500742 0.38935018 0.41218758]
殚	[-0.77501494 -0.40191045  0.6446528   0.765241    0.43362895]
聚	[-0.5066848  -0.3415743  -0.69307554  0.9219544  -0.11357109]
澄	[-0.538587    0.91194    -0.07494559 -0.33403033 -0.2900325 ]
旧	[-0.21619682 -0.5644693  -1.7560364  -1.1093534  -0.6268854 ]
壮	[-1.4457428   0.70928437  0.8671008  -1.1209601  -1.3400952 ]
旷	[-0.04052559 -0.70578396  0.9626828   1.6355875   3.1464522 ]
守	[ 0.8934464  -0.44467384 -0.03890565  0.35822928  0.23894984]
能	[ 1.0032213   0.94750714  0.18693481  1.0716679  -0.5989397 ]
瑁	[ 0.32860753  0.20376293  1.6148835  -1.3183737   0.45105952]
郊	[-0.6402392  -0.09367205  0.7473499  -1.519884    0.10681108]
累	[ 2.18241     1.4982917   0.95700544  0.7412411  -0.3740144 ]
气	[-0.27091914  1.1789008   1.6753727  -2.3601768   0.10677673]
壝	[-0.12224218 -1.129357    1.9042999   3.1016083  -1.2044791 ]
弹	[ 0.11060129 -0.54573435 -0.79949206 -1.3417981  -0.11982284]
步	[ 1.5213054  -0.16660166 -0.30474082 -0.5898073   0.65128994]
吐	[ 1.6999873 -0.8876685  1.2329327 -3.2121334  1.5847993]
伊	[-0.9899478   0.1975993  -1.1428139  -1.2595688   0.23367071]
纽	[-2.1670942 -2.3872588 -0.8099767 -2.1334524 -1.0427439]
钟	[-0.65446925  2.210157   -0.40341783 -0.7136672   1.6247562 ]
葱	[-0.67993444 -0.04495595  1.0286072  -1.8664274   0.09833654]
朔	[-1.4132916   0.84569275  0.01750704  0.23648238 -0.33177212]
感	[-0.0987245   0.31118315  0.10294291  0.00916639  0.36143604]
俨	[-0.76414263  1.2841593  -1.4949034   1.5400527   0.8043284 ]
禅	[-2.3187683   0.7557519  -0.15547939 -1.8467454  -1.7358165 ]
必	[ 0.03441799 -0.53737086 -0.9912735   1.1705312  -0.35160318]
李	[ 0.4998185  -0.3292495   0.34034026 -1.1119212   0.00760373]
鲜	[-1.2083185   1.1134986   0.03654362  2.610744   -0.89003354]
闻	[-0.7983357  -0.55233663  0.44856593  0.42941445  0.20725745]
帝	[ 0.21445313  0.10458864 -2.7881975   1.5129642  -1.186429  ]
岸	[-0.69556355  0.5710128  -0.33238536 -2.1739283   0.41287196]
宴	[ 0.46130514  3.1397243  -1.6524051  -1.6803141  -0.30677706]
映	[ 0.54630756 -0.26686385 -0.80699205  0.01020722  0.15307888]
尧	[ 0.5952318 -1.478429  -2.212399   0.6112851  0.8550364]
奕	[-1.1420617  -0.2374227  -0.0319273   1.3614826   0.95549417]
庇	[ 0.35670513  0.06406046  2.0334957   1.7813857  -0.20384261]
眺	[ 1.265533    0.7559351  -2.0022533   0.23569533  0.25566995]
架	[ 0.6548601   0.43223137 -0.21439907  1.262974   -0.6714092 ]
弱	[-0.9985112   0.14394055  0.51316816  0.28614843 -2.6822715 ]
位	[ 0.5606664   1.0579623  -1.1965635  -0.30299562  0.278728  ]
史	[ 0.17929403 -0.9341646   0.6704721  -0.00156736  0.41599748]
伪	[ 0.90614253 -1.9407138   0.26636744  1.7436931   0.25795418]
园	[-0.06190759  1.0133497  -0.96225286  0.0550509  -1.4301155 ]
面	[-1.446937   -0.28033778  1.6166195   2.8012147   1.9073868 ]
势	[-0.38508946 -0.36167884  0.35619375 -1.276397    0.28308985]
锋	[ 1.4884341  -1.1841146   0.20752493 -0.63276666  0.24328789]
纤	[-0.72978806  1.0348257  -1.1128694  -0.8315484   1.112782  ]
负	[-1.4459752  -0.40433413 -1.4188794   0.65966696  0.53757614]
洒	[-0.40964854  0.7728729   1.2858578  -0.29873434  0.36756948]
都	[ 0.6227947   1.1367629  -0.6164347  -0.19492999 -0.5200059 ]
蟠	[ 0.21178314  1.599148   -0.08412375 -0.32681632  0.33941138]
招	[-0.43526006 -0.3432031  -0.5032516  -1.2767475   0.765947  ]
陌	[ 1.3858421   1.136766   -0.22916976 -2.2585964   0.04477814]
兕	[2.049821   0.30561256 0.00668561 0.43849927 0.48390368]
渐	[-1.9090225  -0.76429516 -1.0437357   1.0608836   0.56004226]
彤	[ 1.2002643  -0.5080598   0.06160126 -2.0866363  -0.42224678]
比	[-0.23099364 -0.76275784 -1.0536209   0.47626662 -0.00202869]
泫	[-0.73648    -0.21237794  0.7659479   2.514083    0.42856562]
分	[-0.8235013  -0.43414557  0.22914416  0.28646058  0.8420307 ]
骏	[-1.1336087  -0.71197397 -1.9068289   0.48569632 -0.07045002]
成	[ 0.06073818 -0.23723811 -0.84167004  0.98234916 -0.5684537 ]
纶	[-1.1066358  -2.6413598   0.9373507  -1.0222944   0.02358212]
霍	[ 1.6218835   0.06506062 -0.37819368  0.5391837  -0.7590144 ]
匹	[ 0.7984661 -1.2137933  0.6467481  0.4626801  1.3486739]
总	[-0.6168964   0.24484248  0.70376617 -1.0014732  -0.13549837]
卢	[ 0.29648447 -1.0999074  -0.09713487 -2.2109973   0.9546661 ]
量	[-2.085547   1.1032176 -1.0292811 -1.3388909  1.6665483]
泾	[ 0.3743819 -0.7180498 -2.3142076  0.829054  -1.9836726]
大	[ 0.31772074 -0.7866137  -0.65328056 -1.3173624  -0.29269248]
既	[-1.3366684   0.75592965 -0.44053367  0.04303081 -0.92698824]
征	[ 0.45568436  1.0080922   1.1198503  -0.44016013  1.2932822 ]
圆	[-0.26108277 -1.2504542  -1.0217078  -1.7040778   0.19412468]
醒	[ 0.9217714  -0.8097793  -1.8941908  -0.13822834  0.874971  ]
痕	[-1.3017185   0.64909416 -1.7972851   0.467875    0.4239156 ]
科	[ 2.1235855   2.0033026   1.36022    -0.03796288  1.2076575 ]
穿	[ 0.64038014  0.5968551   0.3351704   0.86929756 -1.245481  ]
集	[-1.3199103   1.3399192   0.02108356 -0.0257194   0.75814426]
电	[ 1.5601382   0.61303955  0.03920095 -0.9934321   1.9588038 ]
宏	[-0.8323293  -0.2735354  -0.18407746 -1.4439048   1.9306625 ]
足	[ 0.6274816  -1.0867838  -0.50898314 -1.4197458   1.1363827 ]
冬	[-0.4562909   1.3117486   0.04276404  0.677168    2.2302353 ]
草	[0.7023115 0.2895742 0.766282  0.660504  1.1107308]
不	[-0.9477222  0.9214282  1.6416746  0.6951469  0.5940248]
冷	[-0.651199   -0.30348718 -0.26629892  0.8376765  -0.5569358 ]
上	[-0.4780162   0.13472013  1.8339322   0.7285944   0.12906267]
小	[-0.33357626 -0.6924677   0.6059056  -0.67693484  0.26714215]
敌	[-0.26498073  0.08980195  0.5155255   0.73075134  1.2146755 ]
膺	[ 0.4486475   1.2884709  -0.03910001 -1.2474775   0.89933527]
阁	[-0.25913727 -1.3275653  -0.6133526   0.51268876  1.3954467 ]
奥	[-1.5839325  -0.9088546   0.92787355 -0.3737772  -0.6800774 ]
亏	[ 0.6459245  -1.0289496   0.23116738 -1.1944866   1.6037458 ]
惠	[-1.6659195  -0.9597994  -0.8479995   0.4859445   0.79410934]
牖	[ 0.22864869 -0.7433848  -0.23637427  0.4964713   0.7029053 ]
啭	[-1.4377797  -0.7247067  -0.1309835   0.59448093  0.61791366]
堪	[ 0.60581917  0.21945871 -0.64989954 -0.0965381  -1.2585431 ]
趣	[-0.01285605  1.2560364   0.90049005 -1.3029574  -0.3758473 ]
具	[-0.8168202   1.8783165  -0.22115108 -0.76724494  0.45411023]
寻	[-1.2169071  -0.4605717  -0.19434391 -0.8363681  -0.5518113 ]
期	[-1.3250107   0.84384346  0.88058764  1.3551749   1.0048196 ]
织	[ 1.8922993   0.00642252  1.1560148  -0.7813782  -0.12181091]
洲	[-1.1613005   0.42995763  0.16790882 -1.86033    -0.03297032]
变	[-0.59018266 -1.6326686  -0.42629468  0.26727408 -1.8315839 ]
细	[-0.21455036  0.27028805 -1.6648583  -0.23712364 -0.5733056 ]
屡	[-0.87454474  0.5142258   1.3148748   2.9253902   0.05290806]
甍	[-0.4913181  -1.6861873  -0.6083726   0.37191215 -0.5823913 ]
促	[-1.3225365  -0.3910871  -0.02538433  0.26092437 -0.8163918 ]
尽	[ 0.9466569 -1.1535436 -1.0146505 -1.4080704  0.7435207]
箔	[ 0.12124576  0.6122797   0.07808268 -0.7816307   0.19771212]
丘	[-1.2340136  -0.38150755 -0.67475694  0.60642034 -0.6596297 ]
牧	[-0.2321081  -0.08498746 -1.2417717   0.70565605  0.39059865]
楚	[ 0.38648242 -0.60326684 -1.7829133  -1.2510177   0.85423696]
夜	[ 1.3034489   0.03608432 -0.45789227  0.9290769   0.18019739]
毫	[-0.33055937  0.40360266  0.07873939 -1.0166032   0.11067958]
缨	[-1.2304412  1.6320957  1.1092336 -0.948627   1.8977381]
歌	[-0.01406838  0.25742716  0.0298417  -0.27836895  1.1252052 ]
朽	[-0.83264244 -1.0445158   0.496617   -0.4670918   0.13374698]
阳	[ 0.90496683  0.60398245  2.0883236  -0.8010699   0.9265988 ]
乐	[ 0.37298542  0.23331521  1.8896122  -0.28032088  0.11414853]
层	[-0.03808674  0.5145841  -0.2798635  -1.3339097  -0.4800957 ]
同	[-0.25381058 -0.4705736   0.26060662 -1.5264657   0.7483853 ]
晕	[-0.6319158   0.14016445 -0.93484133  1.1997921   0.7841802 ]
执	[ 0.19973311 -2.8037543  -0.8149327   0.3351984  -2.3864021 ]
纫	[ 0.76061136  1.0246414   0.20658147 -1.1764779  -0.73055774]
得	[-0.7344067   0.06041847  1.2107277   0.79049975  0.6174781 ]
姓	[-0.9521204  -0.2328059   0.3977143   0.02106916 -0.51724404]
居	[-0.32487756  0.08507766  0.28022155 -0.43992475  0.7289891 ]
太	[-0.08539687 -1.285607    0.28164074  0.09142485  0.38551375]
沼	[-0.73714954  0.33650458  0.5046452  -0.40579915 -0.26131827]
禋	[ 0.6833216  -1.2053968  -0.08869931  0.5819197  -1.4336392 ]
汾	[ 0.36410695  0.02921253 -0.5526313  -0.5094593  -1.5273315 ]
银	[-0.19441007 -0.83984673 -0.439564    0.7749254  -1.1513406 ]
志	[ 0.79060966  0.55242175 -0.7626219   0.47146034 -0.3894187 ]
韶	[-0.5552054   0.30175102  0.87193024  0.27418646 -0.5822434 ]
表	[-9.8784655e-02 -8.1163484e-01  1.6969923e-02 -1.9007670e+00
  7.7582151e-04]
瘼	[-0.6125365  -0.76747555 -0.06520329 -1.4329866  -0.05968881]
箫	[-0.6612595   0.43244636 -1.0325056  -1.6298497  -0.3038996 ]
闱	[-0.24019976  0.15992452  0.4308293  -0.5813342  -2.0752869 ]
操	[-0.4991927  -1.9263242   0.51100475 -0.7341827  -0.89336056]
归	[-0.8322067   0.8031241  -0.00734923 -0.5284253  -1.1901246 ]
在	[-0.06643668 -0.8889822   0.57974905 -0.77845865 -0.9181987 ]
溪	[-0.25360197 -0.14691585  0.61142904 -0.26522303  0.97455806]
摇	[ 0.08773766 -0.17087321  0.483061   -0.16752912  1.3653214 ]
带	[-1.2739772  -1.5343039  -1.138356   -0.50591916 -0.07446732]
事	[-0.42010242  0.22209711 -0.32821423 -0.8203244  -2.060243  ]
屏	[-0.2782147  -1.7373505  -0.88234437 -1.0740316  -0.7335593 ]
萍	[-1.0035347  -2.8042312   0.01719099  1.2399601  -0.6066556 ]
轮	[-0.7568638  -0.7708451   2.1539347   0.53737026 -1.1912812 ]
泥	[ 0.58737063 -0.928443   -2.0519118   0.33070123 -1.0918063 ]
向	[-0.41122568  0.5665627  -0.18850525 -0.47644076 -0.26552114]
龙	[ 0.6777854   0.24423097 -0.52786773  0.24533153 -1.4444019 ]
仙	[ 0.27720794  0.8491726   0.4968653  -0.9334883  -0.50575566]
卑	[ 0.19701836 -0.5176835  -0.0772047   1.1983413   0.7230558 ]
发	[ 0.71962863 -0.5938716   0.0850566  -1.7548034  -0.24010557]
单	[-0.49978942 -1.5985526  -0.20959647 -1.357707    1.2619598 ]
通	[-0.56884027 -0.88980514  0.7534972  -0.90890574  0.00819942]
下	[-0.03467013 -0.18977372 -1.4444108   0.0539287  -0.4733043 ]
嫩	[0.26937371 0.7465587  0.395923   1.5771741  0.5771103 ]
政	[ 0.26308328 -1.3933147   1.2401187  -0.67828065 -0.15320954]
急	[ 0.41475517  0.4688555  -1.288112    0.05595391  0.5420463 ]
西	[-1.6836215   0.15798594 -0.50039196  0.6300307  -0.5352012 ]
器	[ 1.8088576  -0.09155397  1.245095    1.8606398  -1.8868163 ]
源	[-2.255871   -0.64832425  0.7091752  -1.251973   -0.34601986]
讵	[-0.9775046  -1.5715876   1.200447    0.28942305 -1.3971599 ]
卫	[-0.8482367  -1.3298415   0.19382703  0.8205727   0.0683073 ]
鸣	[-0.7652929   1.2205551  -1.843518   -0.54997116 -0.2868935 ]
仞	[-0.601824  -1.0741622  1.3128928  0.8039493 -1.1898952]
善	[ 0.1461066   0.22909321 -0.22182825  0.7681585  -0.3909994 ]
盐	[ 2.1655853   0.17392541 -1.3045272  -0.6903096  -0.61967456]
宙	[-0.58548987 -0.74829036  1.5523689   0.62677807 -0.4102633 ]
戏	[-0.8338836  -0.15660812 -0.09995227  0.8916575   0.30078965]
柔	[ 1.2253903  -0.5060531   0.07143082 -0.3301588   0.76053995]
早	[ 0.11838622  1.48468    -1.2464687   0.72284335 -1.1358546 ]
颖	[ 1.030119    0.75945103  0.20917809  0.3723324  -0.07841822]
凶	[-0.3579504   0.58335394 -0.38460028 -0.90384364 -0.97107506]
废	[-0.12770225 -1.5558969   0.2319178   0.97254074 -0.79658073]
珮	[-0.01550452  1.0027831  -0.42436934  0.19763815  0.6935304 ]
杯	[-1.0846263   1.2357682   0.18388654  1.2301183   0.37937343]
蕴	[1.8445193 0.9262171 1.3436885 1.3809197 0.8787847]
悲	[-0.67544067 -1.2529173  -0.31447226  1.1446881   0.28459746]
笛	[-0.62740785 -0.21791328  2.009427   -0.60993713 -0.7399565 ]
子	[ 3.2057486  -1.029039    0.36457092  0.25482723 -0.8856827 ]
潜	[ 1.2621822  -0.22393128  0.7409292   0.2054247   0.47117132]
攒	[-0.5594307  -1.1874036   0.52467126  0.48733193  0.2957944 ]
积	[-0.49033874 -0.5004806   0.75180244  0.93453777 -0.33290145]
藻	[-0.14290534 -1.0269563  -0.82208985 -2.1399226  -0.5602807 ]
傅	[ 1.1828344   1.7027895  -0.63590205  1.3581074   0.75564927]
恬	[ 1.0584172  -0.6948534   2.4606402  -0.8480998   0.08173257]
镂	[-0.2447844   1.192426   -1.4745862  -0.26081008  2.505508  ]
耀	[ 0.21672393  2.1263754   1.6764551  -1.4703822   0.46095195]
博	[-0.39960825  0.06398006 -0.3134822  -0.7373631   1.0746573 ]
山	[ 0.6725813  -1.3801653   1.7917694   0.48018306  0.05188274]
桐	[ 1.0068569 -1.9871696  1.5581944 -1.3712515 -1.054539 ]
花	[ 1.0486897   0.8312513  -0.70699704 -0.3215886   0.4533795 ]
绳	[-1.3440183  -0.18404713  0.23201147  0.64374745  1.4505852 ]
已	[ 0.18768312  0.55904627 -0.12702769  0.4878683   0.22976655]
飖	[ 0.04410011  0.28196675 -0.7916073  -0.20084518  0.31738588]
奇	[-0.06107594  0.33690882 -1.0567751   0.12789658  0.20482361]
笳	[ 0.9975484  -0.3811318   2.1776378   0.18878481  0.6027658 ]
华	[ 1.5926946   0.09517561  0.26177272 -2.6837738  -1.1018118 ]
宝	[ 1.2886891   0.05260612  2.6747208  -1.8264112  -0.4445738 ]
韵	[-0.79414755  0.08384229 -0.5444132   0.79012764  0.5969168 ]
陨	[ 0.07320106 -0.6705803  -0.19373767  0.49901944  0.5710418 ]
焚	[-0.9840716 -0.9199003  1.6774732  2.1177728  1.6141875]
梯	[ 2.6996546  -1.4610287   0.60866374 -0.4832629   0.2192064 ]
坐	[ 1.2245505  -0.08300488  1.790418   -0.24361113 -2.475355  ]
雨	[ 0.38455093  0.46478778 -1.2545918  -1.873506   -2.112816  ]
衢	[-1.2271916 -1.460837   0.2794987  0.5426618 -0.3988552]
匡	[-0.02010314 -1.1609011  -1.3803964  -0.4885791  -0.47023848]
跃	[-0.26163328  0.19886376 -0.21531619  1.2985097   2.4099445 ]
浮	[-1.707513    0.66320735  0.94643766  0.7321415  -0.90119666]
峻	[ 1.4422383   0.2327889  -0.5849418  -1.2176245   0.63334346]
狄	[ 0.6224427   1.0678712  -0.49664524  0.743921   -0.834786  ]
繁	[-1.9160236  -0.42017007  0.3737289   0.38444823 -0.31349054]
览	[ 0.43956047 -0.19925171  1.8399997   0.39138228  2.2841895 ]
峦	[-0.12314911 -1.32404     0.81493217  0.47628802  1.3454399 ]
契	[-0.2875027  -0.6308194   0.29784194 -0.82758015  0.7845296 ]
入	[ 0.69641614 -0.6499068   1.0458863  -2.0938306   1.0627444 ]
固	[-0.8362571   0.25036174  0.1153186  -0.0304087  -0.8017603 ]
信	[ 0.85006565  0.58623606 -1.3685167   0.7678148  -0.29688072]
吹	[-0.8648195   1.4911175  -0.79214853  0.29482567  0.44963336]
藏	[-1.0083131  -0.50421375  0.08161139 -2.0650046  -1.4637113 ]
圣	[ 0.3642478   0.54671276 -0.6514794   0.04472966 -0.5054877 ]
谐	[-2.0414534  -0.41623425 -0.11235242  0.652313    0.87740564]
踣	[ 1.9007636  -0.34266073  0.17931573  0.35878366  0.87595713]
八	[ 1.1363264   0.19877596 -1.6871266  -1.4511732   0.23769477]
凋	[-0.23851915  0.69514704 -0.67633253 -0.23049144  1.2555377 ]
壶	[-0.34127218  0.2986672   1.8504807   0.24762496  0.666845  ]
童	[ 0.3978473   2.975542    2.269596    0.64888805 -0.7233789 ]
旂	[-0.38193095 -1.3524573  -0.2332009   0.40638322 -0.5506287 ]
佩	[-1.291396   -0.41031706  0.01007687 -1.9045745   0.96759474]
曙	[-0.3502491  -0.11001956 -0.80044013  0.7053013  -0.04394553]
胜	[-2.1022668   0.8079584   0.40646544  0.64000094  0.7109676 ]
拱	[ 1.1823924 -1.0688287  0.5940401  1.239381  -0.7260604]
访	[ 0.8186443  -1.418647   -0.03178752 -0.5054129   0.63518   ]
终	[-0.10960385 -0.6784949  -0.04149454  0.17132923  0.50083154]
平	[ 0.21003026 -2.757024   -1.6047845  -1.1790085  -0.5642501 ]
返	[-0.6400733   0.46222454  1.2414335  -0.27157605  1.4984648 ]
袖	[-0.09091616 -1.9681406  -0.59797436  0.31049782 -1.977838  ]
依	[ 0.0787376  -1.2537661  -0.96739256 -0.7878574  -0.05673177]
北	[-0.70864254 -0.82788575  1.2696028  -1.1933364   0.4626401 ]
戢	[ 0.32274866  2.301027   -0.8057668   0.2898321  -0.66849715]
旗	[ 0.26340696 -2.0627768   0.05206201  0.35263819  0.11305676]
馥	[ 0.90840685 -0.14947371  0.769216   -0.6409365  -0.4554272 ]
俗	[ 1.0937862  -0.04880071  0.23778987 -0.6251167  -1.152769  ]
芳	[ 1.8761693  -0.37620828 -0.6397737  -1.180481   -1.7655547 ]
敷	[-1.0053822  -0.7285406   1.0100687   0.6092236   0.12724301]
态	[ 0.8380689  -0.73446393  0.05615898 -0.23212793 -0.38522208]
抱	[ 0.7503362   1.0183045  -0.48816442  1.3030255  -0.5102527 ]
款	[ 0.03781181 -1.889162    0.9756741   0.9234412   0.70094264]
暗	[ 0.33931512  0.37455124 -0.61392796  0.7966235   1.315454  ]
栖	[-0.56094015  0.5019404   0.12471984 -0.02412327 -0.53134066]
襟	[-0.19586886  0.00962198  0.8068683  -0.0682632  -1.589634  ]
违	[-1.5156657   0.61172837 -1.2242465  -0.5730795   0.5986163 ]
鸡	[ 0.3664465   0.00796762  0.53064674 -0.454003    0.7822735 ]
茂	[-0.12101166  0.9220058   1.174141   -1.9583002  -0.85692775]
轻	[-0.06237341  0.21813025 -1.9080219  -0.5779905  -1.1250665 ]
首	[ 1.6854446  -0.5436557   0.19355184 -0.30957267 -2.2464688 ]
宜	[0.84851456 0.3271371  0.90076214 0.8103408  0.41492137]
灌	[ 3.103862   -1.7051837   0.04080198  0.32758307  1.3175226 ]
石	[ 0.88324237  0.2350563  -1.6064306  -1.147998    0.9221843 ]
琴	[ 2.0861967  1.5797253  0.2331762 -1.3785535 -0.7823233]
弃	[-0.42547488 -0.5634725  -1.3580135  -0.39723426 -0.12376875]
贯	[-0.40124184  0.2985686   0.601864   -0.44001898  0.9193863 ]
伦	[ 1.1138756  -0.20886189 -1.3099884  -0.36926693 -2.1112516 ]
砾	[-0.14561646  0.9709872  -0.15826613  0.39222878 -0.85247225]
阊	[-0.80859035 -1.34886    -1.881072    1.5350397   0.17575672]
适	[ 1.4423949   0.36308032 -0.60916895 -0.30542454  0.8600895 ]
岂	[-0.27565396 -0.64201874 -0.81078285  0.55634624  1.0568138 ]
君	[0.94125336 0.6514808  0.6833691  1.9203701  0.26827475]
钧	[ 0.44342256  0.0169573  -1.2808105   1.8608444  -1.0752699 ]
绶	[ 0.49657226 -0.83129203  0.05371252 -0.13037427  0.07252231]
朝	[-0.41381878  1.1532253  -0.15332055 -0.16077405 -0.32399118]
颜	[ 0.721755    1.0860443   1.4447877  -0.3969757   0.76044285]
鲁	[-0.1275134  -0.8349355  -0.55281836  0.14025891  0.03117537]
霞	[-0.17766301 -0.13091877 -0.6566597   0.31899527  0.07847878]
来	[ 0.80922055  0.48744828  1.9787754   0.58723843 -1.6894149 ]
双	[-1.4339304  -0.7245332   0.20215443 -2.17422     0.6525608 ]
崤	[ 0.88668895 -1.1237766  -1.2212089  -0.39676607  0.33775395]
诗	[-0.69489884  0.24597262  0.4096828  -0.96188647  0.03162422]
宾	[-0.53305435  1.1148367  -1.1207321  -1.0673466   0.471517  ]
弦	[-1.0094559e-01 -1.6753674e-03  1.3048462e+00  4.8404980e-01
 -2.0704670e+00]
飘	[ 0.66999376  0.81044465 -0.90026504  0.6228486  -1.4720924 ]
辍	[-0.9994993  -0.49385178  0.11915602 -2.9645343  -0.6125159 ]
雉	[-0.24441583 -0.3498295  -0.8203957  -0.8631266  -1.153665  ]
复	[ 0.9128277  -0.78431827 -0.14544785  0.7941102   0.4586623 ]
哢	[-0.90186024  0.38436878 -0.04744517 -0.85749704 -0.8379574 ]
似	[-0.25521636 -1.50011     1.2037019   2.3139794   2.0077477 ]
靥	[ 0.19438699 -0.02340692  1.2053068  -0.3527015  -0.4932432 ]
桡	[ 0.2580611   0.08279546 -0.33406445 -1.823932   -1.2959481 ]
暝	[ 1.7841402   0.4561031   0.1305868   0.26512703 -1.080277  ]
仰	[ 2.4988093  -1.2164322   2.3169436   0.39853877 -0.24624535]
扬	[ 0.28393042  0.04375511  0.21453491 -0.57584417  0.24163908]
响	[ 0.86137176  0.7653538   0.80453146 -0.03190703  1.6593765 ]
虽	[-0.39380282 -1.2028751   0.5063334  -1.4236401   1.1886343 ]
烦	[-0.89610314  1.7797848  -0.35770333 -0.7633967   0.13416801]
故	[ 1.4809326  -1.8025532   0.6461602  -1.7991939   0.56349665]
寒	[ 0.47027904  0.17839576  0.18544053 -0.7633705  -0.13135573]
迷	[-1.5226266   0.28140676  0.8851334   0.12650326  0.30564088]
忧	[ 0.87207377  1.8251827  -1.0666637   0.2917375   1.2931222 ]
袂	[ 1.2903165  -0.09201655  0.9057753   0.37009394  0.57146955]
团	[ 0.27780783  0.8485925  -1.0496118   0.37710333  0.3618626 ]
章	[ 0.99472255  0.190542    0.74016184  0.17585018 -0.02215618]
伸	[-0.5932865  -0.40247327 -0.24286993  1.3302022   0.27706292]
屿	[0.23345596 0.39030844 0.00327972 0.6651855  0.19004655]
千	[-0.47922373 -0.7111207  -0.20273595  0.1782301   1.4453955 ]
见	[-0.883924    0.17596938 -0.06697764 -1.0939051   2.1842542 ]
水	[-0.560666    0.44341934 -0.19862844 -0.5199705   0.31451106]
峡	[-0.7079375  -1.0052418  -2.1613252  -0.10134952 -1.8786266 ]
绝	[-8.3421415e-01 -1.0729879e-03  1.1692767e+00  9.3382823e-01
 -3.6419743e-01]
耻	[-1.6204137   0.7318154   0.8317553  -0.71392393  0.986855  ]
动	[-0.25497139  0.13738675 -0.0709041  -0.8688425  -0.24017045]
柯	[ 0.7591464  -0.274247    0.09402345  0.48879188  0.22099015]
败	[ 1.7634212  -0.66941947 -0.42448163  0.3426042   0.88006526]
非	[ 0.25079626 -2.6386447  -0.21727945  0.5506486   1.3806882 ]
遥	[-0.20379774 -0.3216336  -0.63323516 -0.36622068 -0.38713604]
昆	[ 0.8394201  -1.2470875  -0.10648861 -0.37508288  1.4536487 ]
鹤	[ 0.79705805 -0.48085445  1.4716173   0.832436   -1.9283979 ]
赏	[-0.64112514  0.6187224  -0.6445791  -0.9548349   0.6679145 ]
萃	[ 1.0890653   0.8857906   1.0605897  -1.2647306   0.58282775]
膳	[ 0.59177786 -1.3574747  -0.9535223   0.5783778  -0.13196272]
尺	[ 0.16836514 -1.0140765  -0.6501573   0.0125925  -0.04071603]
枝	[ 2.1171322  0.9285737 -0.1226895  2.5606647  1.1756973]
报	[-0.07186754  0.60760885  1.006561   -1.3925775  -1.2155203 ]
荡	[-0.15939327  1.6678591   0.4540563  -0.3451899   0.2985527 ]
金	[-0.4110486   1.3375567   0.6793051   0.02498414  0.63628566]
沙	[-0.8214398  -1.459158    0.01431232 -0.15422887  0.79756755]
恨	[ 0.03957786 -2.398147    1.8256233  -0.7479491   1.5762379 ]
劳	[ 1.9671487  -1.6891285   1.1259294  -0.4211519  -0.80214196]
粤	[-0.10184163 -1.4829817  -0.56615573 -0.3043219   0.4496891 ]
庄	[ 0.16670197 -0.4953956   0.17971453  2.3048766   0.6215534 ]
莺	[1.3794968  0.4019413  0.62422585 0.0470875  0.90969574]
远	[-0.4551391  -0.19981168 -0.5266025   1.0346186  -2.5570529 ]
板	[ 0.629476   -1.5886672  -0.37103668  0.93970156 -0.10236637]
奉	[ 0.5521972   0.42836708  0.557223   -0.11442681  1.3893971 ]
孔	[ 0.07519066  1.3801773  -2.1068618  -1.2217501  -1.0603733 ]
函	[-0.28438938 -0.92690057  0.95810264  0.9260087  -0.40438762]
蕊	[ 1.7938844  -1.9506158   0.4017457  -0.11707698  1.5843794 ]
待	[ 1.8779608  -0.6284998   0.44982567 -0.03613512 -0.09367905]
媚	[-0.71262497  0.10921781  0.08171794 -0.578374    0.47236848]
萦	[-0.8514268   1.5748817   1.4405036   1.6554655  -0.31175905]
洛	[-1.0189059  -0.7302262   0.8502813  -0.45932463 -1.1518501 ]
帐	[ 0.10341269  0.35308206  0.81368816 -0.24213263 -0.68141675]
周	[-0.17957605  1.4379836   0.19191402 -1.0665095   0.29613224]
横	[-1.5254129  1.7680953  0.4830961 -1.0516762  1.4753295]
辙	[-1.9511818  -0.66038173 -0.46891114  1.8197075   2.1625066 ]
壤	[ 0.7418708   0.13248439  0.4525582  -1.580794    0.29149067]
门	[ 0.46355635 -0.68994945  0.9902274   0.27157354  0.52867734]
篑	[-0.6693269  -0.1618002   1.2070639  -1.142598    0.74085075]
荒	[ 0.98866683  1.7841008  -0.2942573   0.88829577  1.9818971 ]
有	[ 1.0280925   1.9332806  -0.18832475 -0.44585046 -0.5523734 ]
湍	[ 0.41508365 -0.49406713 -1.1801076  -0.6432425   0.13705382]
菲	[ 0.09932249 -0.94823664  0.5588236  -0.99562126  0.8534914 ]
兰	[-1.241943   2.3335645  0.5450964 -0.4598351 -2.8715217]
辨	[-0.04465574  0.01570907  0.28901193 -0.3372418  -0.7268093 ]
近	[-0.10603899  0.6969963   0.20020518  0.05012823 -0.47421262]
柱	[ 0.59990466  0.08305132 -0.52745247 -0.8912394  -0.36562306]
穴	[0.17199259 1.3745271  0.69514394 0.11929869 1.7347949 ]
循	[ 2.0153685  -1.8585271  -0.57041115  1.2580645   0.6538654 ]
琯	[ 1.2114161  -1.4110291   1.5495361  -1.0689343  -0.44587567]
传	[ 1.5001558  -1.5408418   0.90478504 -2.0562994   0.6008815 ]
陵	[1.6981002  0.4763953  0.05360242 0.748547   1.504624  ]
戎	[ 1.6002448  -0.35967672  0.68194497  0.43761188 -2.0390277 ]
重	[-0.61752087 -0.8639893   0.9731253  -0.5043348   0.33571395]
珍	[ 0.2930224   0.36150432 -1.1349554   0.23441547  1.0531633 ]
滨	[ 0.32521045 -2.1090174   0.29154515 -0.6945997  -0.507665  ]
厦	[-1.140151    0.64658415 -0.33458227 -0.7802614   0.54995936]
想	[-0.20480214  1.9839236   0.2642873   0.46158558  1.0842283 ]
车	[-0.6568295  -1.9624313  -0.10699758 -0.30709925  0.4398885 ]
岭	[ 1.4380338  -0.79631793  1.5865561   0.9040309   0.50171965]
营	[ 2.4351983  -0.32142967 -2.0870128   0.60705125  1.7666252 ]
檐	[ 1.1202166  -1.1114589  -0.7164597  -0.46016836  2.5139103 ]
蝶	[-0.934567   -0.1278123   0.290224   -1.6518706  -0.15484253]
多	[0.3316121  0.01585822 0.7474943  0.12893304 0.95586884]
暮	[ 0.02958014 -1.7558827   1.0551077  -1.0435693   1.3649632 ]
天	[ 1.2911576   0.6437378   0.19725466 -0.37782526  1.0034744 ]
巨	[-0.29609424  0.8513962  -1.1136359  -1.0495625   1.2864645 ]
驻	[ 0.8211613   0.57716596 -0.79896617 -0.2699409   0.08748174]
襄	[-0.3596598  -0.24019149 -1.4410036  -0.5465312  -1.3545113 ]
屯	[-1.7086521  -0.914728    1.5778465   0.8551461  -0.39376298]
淮	[-1.2351907  -0.29349402  0.77795404 -1.0621938  -0.21392846]
尚	[ 1.0513855  -1.2618678  -0.7101683   0.41536987  0.40621468]
咸	[ 0.57882684  1.7103425  -0.18722281 -0.58103573  0.6736091 ]
术	[ 0.505471  -2.9444132 -1.0000719 -1.1514167  0.6090348]
瀚	[-1.8321984   0.9337332   0.3660264  -0.59683233  1.0594823 ]
丽	[ 1.3941251  -2.0770297   0.47997156 -0.05106596  0.15044627]
奏	[ 0.4399714  -1.9874197  -0.6845902   0.48193055  2.1996236 ]
失	[-0.6649238  -0.9219946  -0.37690896 -0.59775156  1.7142769 ]
遣	[ 0.42127997 -1.3441808  -0.25224325 -0.9967801  -0.5328324 ]
鞭	[ 2.132793    0.7124037   0.53709245 -0.11310931  1.1028802 ]
寝	[ 0.03559196  0.24227895 -2.4249434  -0.33310983 -0.7504845 ]
光	[ 0.11376815 -0.2202293  -0.5161037   1.0192667  -0.8619088 ]
灭	[-1.582663    0.775493    0.11193658 -1.9264237  -0.86917806]
恣	[ 3.1965234   0.17823009 -1.252332    1.3336946  -0.12322388]
摅	[-1.4201443  -1.458658   -1.8484418   0.75007504 -0.2370528 ]
典	[-2.0784042   0.27535546 -0.08995473  0.45701635 -0.6565514 ]
逵	[ 1.9971066  -0.57058996 -0.30884957  1.501465   -0.6969701 ]
备	[-0.9180095  -0.7758881   2.8649423  -0.62560064 -0.5347202 ]
乡	[ 1.310945    0.72990525 -0.65444076 -1.0621719  -1.3812555 ]
礼	[ 0.51016945  0.1284013   0.11529233  0.8431774  -0.01550555]
用	[-0.10478278 -1.3057209  -0.5189443   0.7822515   0.15406615]
炽	[-0.37753028 -1.0859557   1.3889533   1.9463677   0.46747777]
乌	[-1.4669938  -1.8929014  -1.7420851  -1.4879242  -0.18397802]
丹	[ 1.0475112   1.247851   -0.7696642  -0.71791184 -0.42713442]
笑	[-0.06616043 -2.1928487   0.31924108 -2.711833    0.12817892]
斩	[ 1.0386951   0.43362862  0.861518   -1.8128121  -1.6940047 ]
妙	[ 9.2411272e-02 -4.0857494e-04 -9.0490955e-01 -1.5398498e+00
 -1.0320718e-01]
临	[ 1.6761504  -0.72637635  1.360475    0.8902441  -0.06643098]
行	[ 0.22826341 -0.81408083  0.29128775  1.9738894   0.10219813]
箭	[-1.9797372  -1.5141462   0.21820173 -1.2361413  -0.09189788]
启	[-2.6422703   1.443399    0.5070712   0.02740552 -0.09773251]
巡	[ 0.89163834 -2.438196    1.7457683   1.3318996   0.05461971]
麾	[-0.3406756  -0.97325295  0.04751857  0.37315905  0.7258136 ]
初	[-0.6773488  -2.156133   -0.53966016  0.8807788   0.66657025]
去	[-0.11911616 -1.0332996   1.8355926   0.7745088  -0.4153693 ]
飞	[ 0.21869323 -1.1464028  -0.682364   -0.3145265  -0.21140331]
户	[-0.6882888   0.6129839   0.11244185  1.7658384   1.3003958 ]
声	[ 0.16695417 -0.32792395 -1.4022517  -0.10165802  1.0149627 ]
倒	[-1.0071148  -1.1016732   0.30860865  1.0443729   0.7248708 ]
属	[ 0.68605703  1.1860571   0.16131157 -0.6592432  -0.7130784 ]
幸	[-1.1165     -1.1425072  -0.2978431  -0.8301419   0.79186124]
致	[-0.09046371  0.3805731  -0.5154029   0.5430958  -0.04580588]
消	[ 0.62953025 -1.2539105  -1.2960781  -0.23402411  0.75926673]
断	[-0.05214852 -0.06934174  1.1626561   2.122536    0.1571671 ]
前	[ 0.6792643   0.7400451   1.7807385  -0.58814234 -0.7614895 ]
畿	[ 1.4623667  -0.39598596  2.1742022  -0.00637912 -0.8978024 ]
轼	[ 0.5846683  -0.04455066 -0.18037638 -0.81369805  0.26493198]
蓉	[-0.7188637  -0.49170423 -0.14410028 -0.07285564 -0.07529698]
栊	[-0.26836652  1.030806    0.8920162  -0.38330412  1.276894  ]
裂	[-0.6772651 -1.4543624  0.8077632 -0.9740678  1.8718266]
亦	[ 1.169842  -0.8318314 -1.0341996 -0.5647658 -1.303588 ]
暧	[ 1.2109035  -0.48407048  1.238011   -1.8920387  -1.4305183 ]
青	[ 1.2272584  -1.387499    1.0003551   1.5812466  -0.21906993]
敬	[ 1.8661144  -1.1300181   0.92910445 -1.4931498  -0.6114585 ]
材	[-0.85326827 -0.2927763  -1.234433   -1.3442802  -0.04549948]
压	[ 0.53121424 -0.22236669 -0.70880103 -0.28376022 -0.02416043]
染	[ 0.43315965 -0.40199998  0.08016507  0.24996287  1.9216646 ]
指	[ 0.9656911  -2.2880876  -0.7873367  -0.8497126   0.46066117]
骑	[ 1.3378608  -0.11860904 -1.8248042  -1.1633216  -0.08378581]
悦	[ 0.24608865 -1.3132976   0.16681983  1.1330569   0.30998567]
庭	[-0.1681274  -0.3072018  -0.43025106  1.6857153  -0.40773728]
瀛	[-1.2761674   0.27161294 -0.0212886   0.2771953   0.39222327]
极	[ 1.9432912   1.0794033  -0.6570423  -0.01120347  1.4325169 ]
移	[ 0.06422717 -0.8875279  -0.64550304  0.14310476  1.002161  ]
纷	[-0.04084998  0.27377278 -1.2055734   0.47879028  0.89220285]
崖	[-0.73970824 -0.93310875 -0.16535898 -0.01470537  0.8611314 ]
溜	[ 0.08498755  1.4355648   1.3213269  -0.7190409  -0.1731337 ]
继	[-1.0517709   0.3226056   0.64771724 -0.93508     0.11753897]
参	[-0.710806   -0.29014003  1.3397875  -0.08525404  1.3096837 ]
惜	[ 0.10011737 -0.65484476 -0.6406794   0.04287816  1.6930969 ]
灶	[ 0.7226932   0.5008741   0.13897417 -0.02375931 -1.9245017 ]
场	[-1.1924791  -2.043932   -0.9032529   0.20726317 -2.2919893 ]
潢	[-0.46765685 -0.30131382  1.368017    0.22449267 -0.01846457]
喷	[ 1.5333083  -0.6175133   0.09174757 -0.38976264 -1.4861909 ]
藤	[-0.328574    0.39511055  1.0855006  -0.7670867  -0.76124436]
役	[-0.4396534  -2.1452653  -0.7443054   0.07552724  0.85110563]
竹	[-0.19844948 -1.8204573   0.03247103 -0.6258449   0.4871431 ]
锦	[-0.07240078 -0.28647226  1.4265797  -0.2273249   0.8071919 ]
畅	[-1.1908906  -0.35341397 -1.0667248   0.9940175   1.1784497 ]
星	[ 0.95306504  0.15220721 -1.0989616  -1.8460798   0.5238447 ]
壑	[-2.6042697  -0.13166171 -1.259356   -0.96929836  0.50202173]
骋	[ 0.5597733   1.1132182   1.348163   -2.0367482  -0.89759606]
巾	[ 1.3331383   2.518212   -0.94486845  0.0818514   0.3234788 ]
泰	[-1.481775  -1.1639843  1.5019401  1.0574687  1.5168241]
火	[ 0.40153897 -0.27071506  1.590979   -1.8348576  -0.6184018 ]
家	[0.65149164 0.10989924 1.8478273  0.25391617 1.0338154 ]
干	[0.84681183 0.5055673  0.06690173 0.32599747 0.6468804 ]
埏	[ 0.4393487  -0.9935448   1.6296337  -1.16666    -0.28807956]
抽	[ 0.9200322   1.8108714  -0.50458956 -1.2755277  -0.6691136 ]
遍	[-0.2761343  -2.296928   -0.74569345 -0.41897705 -0.34258676]
鲸	[-1.0499734  -1.394051    0.16907361 -0.9729899  -0.90619344]
乔	[-0.727416   -0.42532134 -0.37971878  1.6711686  -1.1194732 ]
离	[-0.7237463   0.17261384 -0.29143834 -0.71642846 -0.8717511 ]
耿	[-0.69407237 -0.7277295  -0.03244771 -0.5643314   1.9981734 ]
海	[ 0.46118587  0.04116088 -0.48710713 -0.29211164  0.7944305 ]
蔽	[0.03376939 1.3311282  1.7276858  3.0684812  0.24468935]
猿	[-0.91501    -0.43916845  0.01295475  0.79210943  0.66282505]
紫	[-0.3040678  -0.08756374  0.3963262  -0.7637102  -0.3763189 ]
威	[-0.74251986  0.90571713 -0.6348123   1.6845161   1.6931703 ]
堆	[ 1.8651795  -0.4330125  -0.35994238  0.07086877  1.9205964 ]
丰	[ 0.23027535 -0.39470625 -0.02697149 -1.1413232  -1.5654125 ]
坛	[ 0.89392805 -1.3783894  -0.7597853   0.90843594  1.7406428 ]
翠	[ 0.01319549  0.15955336 -0.00174219  0.18773997  0.7050562 ]
骨	[-0.6121782   0.72706807  0.14563404  1.0040146   0.59558636]
建	[-0.35402507  0.79468805  0.6030453   0.3589424  -0.6835207 ]
琐	[ 0.45479983 -0.00399637 -0.5848018  -2.624281   -1.6014782 ]
德	[ 0.7466605  -0.53236103  0.88852686 -0.6823446  -0.5392785 ]
布	[ 1.3150659  -1.2682774  -0.04123532  0.047897    1.1996254 ]
游	[-0.862888   -1.5801135  -0.45211384 -0.57223016 -1.0376513 ]
立	[ 1.0230803   2.3638437  -0.93102485  0.3895415   0.68617743]
改	[-0.75655586  1.0380279   1.78889    -1.0500864  -0.4875202 ]
烽	[ 0.41234863 -1.5132799   0.9287925   0.661071   -0.11495961]
躬	[-0.11067078 -2.3142765   0.9952617  -0.40823773 -0.52529347]
盛	[ 0.45839834 -0.9807814   2.590913   -0.5909327   2.0220108 ]
暂	[-0.06460097 -0.54374015  0.8316369   0.07698762 -2.565745  ]
迟	[-1.2977597  -0.8161252  -1.5461503   0.18464074  0.5456709 ]
夸	[ 2.2321947  -1.2500665   0.3941032   1.9107194  -0.45793638]
摧	[-1.3988472e+00 -5.0258636e-04 -1.4951733e-01  7.1064478e-01
  1.3521609e+00]
陪	[1.9813687  0.15338714 0.41973534 0.88250566 2.2422216 ]
扆	[ 0.4049772   0.07811294  0.79701465 -0.22707805  0.64870006]
缆	[ 0.14720224 -1.5111327  -0.0998466   0.03409617 -1.207587  ]
言	[ 1.4603963  -0.04768952 -0.727585    0.29290116 -1.4614141 ]
时	[-0.7406013  -0.09314884  0.79165345 -0.93919355 -0.7868858 ]
岐	[-0.46882862  1.2610214  -0.35897157  0.1620403  -0.4385377 ]
郡	[-0.08150657 -0.5657319  -0.04102369 -0.3462771  -1.2381879 ]
榆	[ 0.35489774 -0.49510086  1.9545935  -0.06246402  0.15582833]
息	[ 0.82251316  0.4005742  -1.6140467   0.14889893  1.2686902 ]
噪	[ 0.5642126  -0.11163411 -1.2895932   0.36983368 -1.7642283 ]
盘	[ 1.2384855   0.42066342 -0.70300967  0.4671979  -1.0499853 ]
寥	[ 0.61419517 -0.21140301  0.04443005  0.19797117  1.6621139 ]
托	[ 2.424894    0.04270458  0.59367335  0.09140483 -0.46671107]
白	[ 0.5806222  -0.78557414 -1.5229839  -0.28953588  0.16960725]
烛	[ 0.6943155  -1.360497    0.73019516 -1.1178023   0.57753766]
异	[-0.37961507 -0.15879604 -0.64975023 -1.3104104   1.413788  ]
烬	[ 1.0177288   0.82781094 -0.87421536 -0.6290461   1.1370224 ]
搴	[-1.3509991   0.95090115 -1.2946466  -0.91312647  1.1781887 ]
伫	[ 1.2367014  -0.5249003   1.2579396   0.29048356 -1.6071998 ]
绂	[ 0.40371144 -0.1028749  -1.9721007   1.5738417   0.73542905]
野	[ 0.4637854  -0.30090475  0.8792541  -0.31921795  0.997796  ]
看	[ 0.1872116  -0.1955947  -0.72559404 -0.6923939   3.4253516 ]
只	[ 1.7274582   0.27477235  1.31583    -0.5733303  -0.21433887]
愧	[-0.20619921 -1.0010477  -0.39599755 -1.3767778   0.46067628]
马	[ 0.6092555  -1.0373552   0.44180825 -0.09483366  0.90107834]
心	[ 0.6144408   0.9760412   1.7985232  -0.18083474  1.6087939 ]
馆	[-2.3683627   0.4045316  -0.6114377  -1.9873557  -0.36872637]
觞	[-0.459019    0.45310867  1.8515557   0.683553   -0.95719385]
萤	[-0.575287    0.23914497  0.57198024  1.1597601  -2.6159058 ]
树	[ 1.3240331  -1.137636    0.4029871  -0.33724126  0.09223866]
篇	[-0.3638414  -1.6470487  -0.59656733 -0.06392764  0.09973833]
汭	[ 0.6963394 -2.2049248 -0.4600918 -1.0344425 -0.5176847]
辽	[ 0.937601   -1.0778491  -0.68029076  0.9497354  -1.0086716 ]
崆	[ 1.6786978  -0.30122742  1.3828552  -1.1270374  -1.8383422 ]
凭	[ 0.08206458  1.0434966   1.1938508   0.6890888  -0.09309197]
冠	[ 0.35859454 -1.5408043   1.77791    -0.51586896 -0.7864089 ]
阻	[-1.2740091  -1.6629318   0.12882255  1.3334517  -1.7756275 ]
翻	[-2.0814128   1.5365163   0.38793093 -1.6374806  -0.02319517]
侈	[-0.42561132  2.0957923   0.41533896 -0.97865    -0.46112218]
接	[-0.12891333  0.35347372 -0.31026158 -1.358726    0.48693883]
凤	[-1.6763837  -2.1884882   2.1829586  -0.40791705  0.3552267 ]
短	[ 2.1714187  -0.01880486  0.5331362   1.9831202   1.0271014 ]
四	[-0.34056348 -2.0300007  -0.6502405  -1.521105    1.202262  ]
减	[ 1.600236   -0.31743053  1.7321457   1.0262344  -0.86765593]
争	[ 0.03197413 -1.310879   -0.8895372  -0.32691294  0.9302175 ]
曲	[-0.36426514 -0.849447   -0.5499253   1.3362756   1.1049398 ]
浊	[-0.25699198 -0.03344904 -1.02641    -0.34133512 -0.153164  ]
句	[ 0.71609133  1.629702   -0.9529081  -2.5471067   0.06913283]
飏	[ 0.27392507 -0.09908932 -1.7721132  -0.8588572   0.33009627]
梅	[-0.6912429   0.6323156   0.48241147  0.16818732 -1.2407608 ]
奔	[-1.8968841 -2.7856812 -0.2514484 -0.9331205  1.7065434]
阑	[ 1.2188789   0.8308822  -0.73130494  0.10123604  0.36139798]
锐	[ 0.25163046 -0.861801    0.07542221  0.80093074 -0.94991887]
芝	[ 1.5456043  -0.94477236  0.6328255  -1.4093571   1.6218922 ]
深	[-1.0259339  -0.00312056 -0.2753485  -0.58696914  0.08697665]
身	[-0.24578975 -0.34027514  0.02443255 -1.6663725  -0.06079603]
络	[ 1.1671691   0.2944914  -0.21953002  0.23227099  1.5496542 ]
羽	[ 0.4753232   0.01116489  0.29540184 -0.97687477  1.6616166 ]
广	[ 0.5769195 -1.8958464 -1.1632363 -1.3431103  0.5902225]
泽	[-0.07616237 -1.6526749   0.38244924 -0.51617813 -1.4104246 ]
抚	[ 1.6818968  -0.8719173   0.08610718 -0.21363509  2.5350258 ]
围	[-0.7580195  -0.7518359   0.16462903 -1.1329137   0.8605822 ]
坟	[ 0.5331419  -0.70904666  2.1879315   0.78010756 -0.05800497]
幕	[ 1.0206916   1.8587798  -3.0457385   0.6084243  -0.51125014]
岛	[-0.5840473  -0.1197541  -1.2902205   0.24251553  0.02108309]
咫	[-1.3323656  -1.3043401   1.3740008   0.65472865  0.87938654]
林	[1.8967527  0.5657599  0.3634887  0.58943146 0.5764098 ]
哀	[-0.0077765  -0.81439656 -0.77492297 -0.25508177 -0.4937863 ]
勒	[ 1.1320441   0.6346409   0.5191476   0.10487879 -0.2847769 ]
鉴	[ 0.02427829 -0.09854609 -2.2933693  -0.78489834  0.4949064 ]
核	[-0.35474688 -0.00882903  0.2713733  -0.26548454  0.39594898]
地	[-0.6914253   1.6426824  -1.5968864  -0.60680777 -0.7651366 ]
娱	[ 0.75404733 -0.27114692 -0.27570224 -2.189768    0.19191322]
秘	[ 1.3845075  -1.5039537  -0.61911535 -0.4449157  -0.6162793 ]
销	[-0.82258236 -0.3343705   1.2748396  -0.11336121  0.52533007]
含	[ 2.0063393  -1.3937064   0.4743968   0.08698121  1.3437415 ]
度	[-0.05547766 -1.0588305  -1.7592238  -0.04356983  0.12758724]
实	[ 1.231558   -0.38921332 -1.6730118  -0.21411788  1.1067595 ]
如	[ 0.92788863 -1.5000625  -3.416032    2.23247     0.6051184 ]
美	[ 0.643756   -0.8593675   0.272367    0.20311704  0.1509382 ]
瞻	[ 0.37283504 -1.1045862   0.1893031  -0.09313238 -0.5996554 ]
种	[ 0.40800703 -0.3838544  -1.3889613   1.0222536   0.5252596 ]
域	[ 1.2522529   0.30787426 -1.0577539  -1.4325852  -0.48950443]
帙	[ 1.3738315e+00 -9.0479851e-05 -1.0019194e+00 -1.0016731e+00
  2.8820351e-01]
幌	[-2.617757   -0.18716364 -0.4629059   2.112398   -0.5569303 ]
菊	[-0.4512838  -1.505642   -1.5937887  -0.98803544  0.42782715]
轘	[ 0.02436472 -0.9315989  -1.1482471  -0.61255205  1.32978   ]
交	[-0.09731796  1.1128709   1.6692162   1.2601455   0.7964764 ]
露	[-0.23423396  0.45687908  0.43807712  0.26261547  1.5384617 ]
顾	[-0.5096963  -0.6004337   0.47100475 -1.2875121  -0.2892    ]
节	[ 0.7284943  -0.6746122   0.04811746  1.2638932  -0.26132286]
台	[ 1.1872286   1.6297722   1.3969526  -0.16222    -0.35075098]
翼	[ 1.5475228   0.59811413 -0.4331108   0.07683063 -0.06554971]
宇	[-0.8788382  -2.2258265  -0.14535551  1.4349669  -1.9962709 ]
世	[-0.63727534 -1.0283798  -0.08388426  0.9051385   0.15992352]
舞	[-0.313309    0.34949464  1.1545986   2.0103502   0.90378195]
禹	[-0.9648782  -0.512674   -0.3520178  -1.1044508  -0.07337587]
丛	[ 0.11989095 -0.6202362  -0.40311736 -1.1330292   0.68256056]
缬	[ 1.1932186  -0.7383297  -1.9259464  -2.0239258   0.46713182]
无	[ 0.38285184  0.46790367  0.69532764  1.9202683  -0.9043232 ]
渚	[ 0.06558599 -1.3225895   0.21877965 -0.79328847 -0.74942386]
墀	[-0.28099126  1.2751819  -0.27747044 -0.9577841  -1.3041624 ]
晃	[-0.88853073  0.83925724  0.33929992 -0.15936998 -0.39470908]
迹	[ 0.4556725  -0.2119095   0.5225252  -0.285451    0.03166402]
两	[ 0.2841549  -0.831379   -0.69797814 -1.5944432  -0.00238668]
阴	[-1.1459482  -1.5269884  -0.4349792   0.65243876  2.2225666 ]
妖	[ 0.34144396 -0.04741483  0.47733596 -0.3160221  -0.06887249]
燕	[ 1.0035866  -0.2862401   0.6672443  -0.21411625 -1.3258382 ]
逐	[-0.62788457  0.37120253 -0.31771082 -0.180066   -1.0663397 ]
遒	[-1.531059    0.4209966  -1.4187464  -0.60762167  1.5072362 ]
縠	[ 0.12922153 -0.9731803  -0.8626084   0.6923046  -0.29785204]
寸	[-0.71032727 -0.99230003 -2.1552286   0.72618043  0.59511745]
刑	[ 0.2363208 -2.2799332 -0.3017569  1.016596   0.7859762]
兹	[-0.11138073 -0.88482696  1.9082898   1.079913   -0.5569228 ]
柳	[ 1.0661179  -0.84704596  1.2617469  -0.9968814  -0.64634186]
罘	[ 0.7810133  -2.0319736  -0.13796589  0.7667004   0.8872372 ]
桂	[ 8.5381329e-01  4.7743320e-04  3.7272123e-01 -1.6893205e-01
  1.7377634e+00]
莘	[-0.19122414  0.3246535   0.47431287  1.1787415   1.2005689 ]
浅	[ 1.1705767 -1.5486795  1.067386   1.5160105  0.5119762]
裔	[ 0.7954219 -1.0012586  0.8571752 -0.9391614 -1.2388794]
月	[ 0.24126911  0.77366024 -0.27678823 -1.1560395   1.2212969 ]
股	[-6.5383250e-01 -3.7937254e-02  1.0909326e-03 -2.1580734e+00
  8.0609047e-01]
萧	[ 0.64840895 -0.8353742   1.9856251   0.6023101   1.6234119 ]
桥	[-0.02735257 -0.72544885 -0.54435766  0.99880373 -0.68820745]
玉	[-0.25950366  0.06824553 -0.86535597 -0.13578315  1.8771665 ]
理	[ 0.65876824 -1.1805433   0.19243869 -1.6397765  -0.28502163]
醽	[ 0.1335843  -0.5857027  -0.5564955  -0.86230785 -0.34059227]
须	[-0.31497693  0.1630313   0.6600387   0.98890316  0.9629833 ]
楼	[ 0.46573353  0.52561957  0.27186123 -0.17299348  1.3124106 ]
仁	[ 0.6903616   1.4373186   0.6149319  -0.03474422 -0.10920007]
微	[-0.8835052   1.6930155   0.103551    1.9167256   0.11419249]
里	[-0.61077356 -1.4116887  -0.38263798 -0.05547676  0.521583  ]
贞	[-0.30623698 -0.8324568  -0.3457292  -1.1287152  -0.21486455]
曦	[ 0.3657048   0.04160182 -0.08462948  1.004916    1.1945325 ]
勇	[-0.09155691  0.18522806 -0.80148906  0.13189477  0.41620925]
管	[-1.4163254   0.04810016 -0.23212737  0.4250967  -1.8213782 ]
组	[-0.45626736 -0.7425028   0.12977016  0.3513524   0.8750666 ]
直	[-0.6331775  -0.99167144 -1.5510054  -0.57960075  0.91944873]
芬	[-0.30600876  0.7862129   1.7608887   0.5842488   1.8693    ]
凝	[-0.29257995 -0.78663784  0.8349046   0.11141568 -0.9384409 ]
洞	[ 0.510293   -0.8573135  -0.2889292  -0.01118255 -1.1946049 ]
艳	[ 0.6251051 -2.2418818  1.0964621 -0.7031175 -1.6959921]
蹊	[ 0.2235124  -0.12202278 -0.09446655 -0.9456732   0.37595278]
肆	[-2.0604002  -0.0557007   0.40126276 -0.77334005  0.80150163]
鸟	[-0.5052983   1.052519    0.00860469 -0.4848857   0.7798979 ]
震	[-0.2898907  -1.2497919  -1.5511867   0.32779285 -0.11760622]
可	[-0.5186863   1.7681575  -0.31048158 -0.0867052  -1.1501198 ]
众	[ 0.7655837  -1.2336808   1.2924011  -0.17805171  1.1643131 ]
囿	[ 1.2366871   1.0483974  -0.06408724  0.62156016  0.52123904]
讨	[ 1.4225737   0.43077767  1.0867256  -0.3369009  -1.7469287 ]
恶	[ 2.9318807  -1.4183224  -0.44399047  0.2516076   0.49825466]
恭	[ 0.4090609  -0.06202006 -0.6347504  -1.6557633   0.62183136]
绵	[-0.19405107 -0.10748006  0.22151    -0.35346806 -0.16315237]
愁	[ 0.7178758   0.01462348 -0.33273125 -1.7260392  -0.28703773]
曳	[-0.72798795  1.2743487  -0.39438048  0.3572939   0.9725701 ]
衣	[-0.9058986   1.9322284   0.25897482 -0.54224974  0.9779619 ]
镇	[-0.32283533  0.5603609  -0.2798461  -1.894003   -0.13785067]
钲	[-0.753736    0.62176186 -0.31528974 -1.014646   -0.30040595]
编	[ 0.44832963 -0.32488185 -0.05628664 -1.346425    1.0751424 ]
康	[ 0.9642835  -0.6054065   0.5023939   0.28504655 -0.13936308]
内	[ 0.58995056 -0.54413676  0.9924446  -0.64830756 -1.797748  ]
翔	[-0.51567876  0.57353556 -0.1937341   0.36684886 -0.71127814]
序	[-1.4189532  -0.8884567  -0.72191554 -0.5041364   1.126088  ]
忘	[-1.6880352  -0.39057708 -0.50502956 -0.06270496  0.660101  ]
砌	[ 1.9445927  -0.77148104 -0.43415543 -0.8110011  -0.85333836]
烧	[-0.2687971  -1.8332369  -0.18084149  0.5136568  -0.15578467]
卷	[ 0.13354664 -1.5380802  -2.3426733   1.1220082   0.6001217 ]
舜	[-0.615748    0.5680769   0.21444425 -0.29343763 -0.34492663]
文	[-1.548884   -0.13179076  0.3144055   0.3683716   0.28459647]
閈	[-0.9749049  -0.3172857  -0.5679019   0.279052   -0.10796835]
涘	[-0.41674     0.5158973  -0.01708384 -2.0179327  -1.5458263 ]
罄	[ 2.3312705  -0.3827611  -1.243479    0.02394345  0.31061968]
附	[-1.0256743  -0.51844364 -0.49684903  0.8264103  -0.35746464]
镜	[ 0.47421336 -1.6428096   0.20785928  0.2757402   1.6523234 ]
宵	[-0.9078957   0.9200573   1.051403   -2.2545998  -0.95092034]
挥	[-1.2981739  -1.7592801   0.73340416  1.4798905   1.4713293 ]
承	[-0.6437702 -1.1347305  1.2230022 -1.1182973  1.8170849]
冰	[-0.80239767  1.3421698   0.06344588 -0.2984899   1.3616031 ]
照	[ 6.7301095e-04 -8.2019500e-02 -1.0192209e+00  2.8926423e-01
 -8.6667353e-01]
嵋	[-0.2257378   0.17601429 -1.1248617   0.13093325 -0.5522797 ]
宅	[ 0.38973093  0.72026104 -0.11960885  1.8656591   0.5564177 ]
亟	[ 1.6953526  1.4091649 -1.361401  -0.3815252  0.436726 ]
喜	[-2.7169619  -1.3842148   0.6241616  -0.66480446  1.6524607 ]
玄	[-1.6266104  -0.12843588 -1.4986322   1.2945046  -0.16171363]
贮	[ 1.4734935  -0.6927674   1.1694025  -1.261784   -0.18512368]
秀	[ 0.7109874  -1.0084312   0.15336016 -1.7579913  -0.29807714]
鱼	[ 0.11992338 -0.05632826 -1.2446005  -1.7331617  -0.12472501]
庆	[-0.30988514  2.6760595  -1.0848986  -0.5232074  -2.1190217 ]
繻	[-1.2208763   1.8666257   0.1689786  -0.933607   -0.82194644]
一	[ 0.15880251  0.90175045 -0.8036767  -0.16364263  1.3457086 ]
半	[ 0.1984753  -0.81266487  1.0662496  -0.32161343 -0.6766621 ]
陛	[-1.0574923   0.44637823  1.6038245  -1.5164498   0.09819979]
脆	[ 0.82334983  1.3321952   0.07142943 -0.4186773  -0.12487329]
令	[-0.21990041 -1.3019185  -1.4960475  -1.1528277  -0.35175407]
忠	[-1.58211     0.56801575  0.2574426  -0.37525794 -0.57092154]
荣	[ 0.13652971 -0.14165056 -1.6962664  -0.62896925 -0.6526044 ]
澜	[ 0.65165   -0.5225694 -1.09666    1.5836847  0.1382736]
茨	[-0.1497743   2.2778149   0.3620128   0.86570734 -0.48642775]
怖	[0.46688592 0.45819622 0.63324827 1.3442383  0.25408667]
年	[-0.21764733 -0.02803442 -1.7299796  -0.9915344   0.40407968]
瀑	[ 1.1223974 -1.7938602 -0.6445321  0.5280122  1.2762356]
值	[-0.43179208  0.0474555  -0.8895324   0.95215833 -0.05870654]
）	[-1.0503736  1.5020515  0.4105782 -1.8730568 -1.0577233]
珠	[ 2.5376217  -0.592328   -1.5303805  -0.14890245 -0.60979736]
暇	[-0.56330657  0.39904368  1.041285    0.51759654  3.0490541 ]
至	[-0.9763067  1.1753035  1.5899521 -1.6628869  2.4137805]
网	[-0.47500467 -0.28878704 -0.80378264  0.24374163 -0.85963696]
遵	[-0.40315843  0.29448724 -0.60952294 -0.66596574 -0.60932684]
泛	[ 0.19287923 -0.56516236 -0.42392293 -0.57956606  0.30839512]
蝉	[-1.598261    0.08919771 -0.21965341 -0.61439544 -0.75150675]
公	[-1.7816073   0.8005468   0.90148795  0.21977395 -1.4802338 ]
扉	[-1.2125444   0.10166909  0.04732252 -0.60333383  1.8765086 ]
浇	[ 2.277153    0.03199111 -0.3645188   0.5372889   0.3303367 ]
暖	[ 2.0396497  -0.8871683   1.1272284  -0.59663576 -0.3567344 ]
灰	[ 1.0624415   1.4711655  -1.9816613  -0.34105268  0.60439426]
原	[ 1.0348458  -0.49543142 -0.2609304  -0.56684226  2.6672664 ]
流	[ 0.11728395 -0.9654098   0.47333762 -1.4598321   0.35138047]
安	[ 0.5360267   0.45434386  0.97102684 -0.8195942   0.5230216 ]
灵	[ 0.90535915  0.60813236 -0.18660958 -2.071907    0.20462584]
罍	[ 0.6775059  -0.46768063 -0.49000436 -0.31630754  1.276056  ]
殽	[ 0.6206033  -0.8484968  -0.10941705 -0.85910296 -2.206868  ]
飒	[-0.57405317 -1.6545812  -0.48232046  0.10155988  0.29543865]
濯	[ 0.08554538 -1.1815491   0.48531803 -0.44747144  1.6352402 ]
殉	[ 0.9312129   2.0378933  -0.08007651 -0.8811884   0.16696504]
璜	[ 0.48912448  0.50186837 -0.84927154 -1.1948944  -0.43584934]
z	[-1.076692    0.67082644  1.1203293   0.9444314  -1.0941432 ]
念	[-0.40863812 -2.162155    2.7093132  -0.74624324  1.1853371 ]
犹	[-0.81725514 -1.8560048   0.20011431 -0.100753    1.8323685 ]
质	[-0.3758735  -1.092508   -0.32112557 -1.0987426  -0.0507397 ]
背	[ 0.04896577  0.08621056 -0.7384192   0.24556816 -0.39059895]
偏	[-0.05061716  1.1713063  -1.1732577   0.9282193   1.0186886 ]
雅	[ 0.7733154  -2.9725702  -0.73017246 -0.3127586  -2.6823606 ]
逸	[-1.0145473  -0.28208536 -0.5406226  -1.2922785  -1.112464  ]
留	[-0.42813593 -0.43153548 -0.1426056  -0.47422275  0.34813726]
皎	[ 0.71185344 -0.50417566  0.02295207 -1.7071993   1.1701796 ]
超	[-0.63149357 -1.1908063   0.2204943  -0.5239813   1.5546813 ]
河	[-1.0198168   0.988824    0.45279995  0.21143538  1.5178071 ]
杂	[ 0.5025081   1.8690192  -0.5259776   0.82567596  1.1676162 ]
求	[-0.07671908  0.36608398  0.8055771  -2.1329646  -1.339088  ]
本	[ 1.9991472  -0.62953395 -0.50237525 -2.5319543   0.9070058 ]
觉	[-1.437439    0.0964752   0.05552195 -0.84189415  0.47714782]
裁	[ 0.10827395 -0.91440463 -0.22598761  0.6628577   0.85927397]
间	[ 0.2095756 -1.6910415  2.473349  -0.2202828 -2.1610024]
命	[-0.73501307 -1.0417689  -0.97197527  0.7925306  -0.38469803]
惨	[-0.5327288   0.4186082   0.29277807  0.11979754 -0.5941484 ]
熏	[-1.0089175  -1.1223046   0.36207926 -0.28116408 -1.7206835 ]
末	[ 1.6180269  -0.3168115   0.41217452 -0.19976519 -0.99539995]
恋	[-1.9979812  -0.04679296  0.5878397  -1.5080826  -1.2588431 ]
酆	[-0.39481944 -0.7238519  -0.76702553  0.93309546  0.6659447 ]
田	[ 1.9658911 -1.116693   1.0547489 -1.6712863  0.3850312]
创	[-1.6360669   0.8424114  -0.35324243  1.7908574  -0.6674886 ]
越	[-1.3115658   0.31892383 -0.8173985  -0.98509127  0.77359205]
收	[ 2.3853192  -0.21410969 -0.8463142   0.4388827  -0.08235728]
旰	[-0.43725526 -2.0405922   1.747557    0.7922682  -1.6145741 ]
静	[-0.39235502 -1.4758643  -0.95353204  0.8598313   1.8703028 ]
基	[ 0.5671236 -1.5345865  0.6037742  0.8010004  0.3016174]
模	[-0.9364495  0.4259405  2.003294   0.0133471  1.5583075]
约	[-0.01656529 -0.65646267 -0.81078726 -1.2747636   1.4435252 ]
苔	[-1.2584772   0.28734893 -0.35449156 -0.15203671  0.17827657]
补	[ 0.1859929  -0.26325616  0.5486079  -1.5176934   0.39379865]
今	[ 0.289169    0.6589647   0.91184425 -1.4110767   0.67780036]
形	[ 1.8531877  -0.97221977 -0.31954178 -2.1457627  -1.1152362 ]
扫	[ 0.17309555  1.6929287  -1.5074825  -2.7248814  -1.4927887 ]
惊	[-0.83686084  0.47835803 -1.8754473  -0.04966059 -0.6336111 ]
罝	[ 0.71414405 -1.5708519   1.2390906  -0.17543636  1.4715207 ]
环	[ 0.45011985 -1.0691766   0.5404825  -0.29896113  0.3920824 ]
除	[-0.94350636 -0.21359545  1.1754954  -0.28391698 -0.30664924]
侯	[ 0.03044893 -1.294911   -0.4385142   1.6139132   0.27442122]
秦	[-0.1886883   0.25108105 -1.1210854   0.46285576  1.1981086 ]
保	[-0.21281426  1.3852133   0.38194016  0.20520318  0.41009474]
次	[ 1.9671627  -0.1723246  -0.74137515  2.2415493  -1.5815212 ]
欣	[ 1.1613439   0.6754816  -0.16172667 -0.8551197  -0.47547612]
古	[-0.4127283  -1.2271557   0.07561056 -1.1472145  -0.9865136 ]
邀	[-0.27689892  0.5669292   0.15684119 -0.54011536  0.21282291]
区	[-0.95450723 -1.118169    0.93232507 -1.4771757  -0.37707892]
惧	[ 0.28846914  1.5518684   1.6379684  -0.25261     1.1966574 ]
此	[ 0.10976545 -1.2501063  -0.20764227  1.7099584   1.351753  ]
九	[-1.7813399  -0.61017257  1.9334768  -1.5237943   0.06980117]
劲	[ 0.70822954 -0.50968117  0.41739842  0.5848064  -0.14395726]
鳞	[ 0.7567344  -1.5662122   0.82320356  2.194442    1.341147  ]
徽	[ 1.6630933  -0.16579032  0.3748245  -0.6067948   0.02803795]
续	[-0.22138344 -1.0596193   0.3991904   0.89723706  1.0840113 ]
投	[-1.1861521  -1.8439245  -0.08512217  0.22348481  1.0595008 ]
字	[ 0.2748801   1.4512364  -0.40052426  0.22118497  1.3548616 ]
未	[ 0.29473367 -1.8804125   1.1148756  -0.19713876 -0.18069857]
封	[-0.09212837 -2.4206188  -0.9596888  -1.4716464  -0.2611533 ]
廊	[-0.08596049 -0.43509436 -0.88466734 -2.3591843  -0.00268463]
荷	[-0.25359398  0.14761107  1.4480138   0.8313725  -0.45819595]
卒	[-0.33079392 -0.58461434 -2.1505558   0.2621865   1.599117  ]
切	[ 1.3236412  -1.0270238  -0.11865741  0.06138826 -0.15014303]
鲍	[-0.02643293  0.06625266  0.41090998 -0.60152894  2.667678  ]
密	[ 0.52958775 -0.8856732  -2.6097105  -0.5643088   0.7651403 ]
昭	[ 0.6361636  -1.0905569   1.1682366  -0.08584971 -0.9354979 ]
宫	[-1.1042783  -0.46831566  0.37770715 -0.2633545   1.0998065 ]
险	[ 0.68509203 -0.31147644  0.57103497  0.37320116  0.5657986 ]
告	[-0.49929202 -0.70143086 -1.3116043   0.3815599  -1.0364884 ]
秋	[ 0.8108311 -0.9886164 -0.9621016 -1.0342972  1.846633 ]
申	[-0.0178227  -0.5821501  -1.0739844  -0.03753056  1.2906827 ]
徊	[ 0.49272752 -1.5431705   0.66642755  0.22876027 -0.25394335]
徒	[ 0.07316205 -0.56667405  1.7366574  -0.9116527  -1.2998332 ]
遂	[ 0.80579484  0.25097787 -1.0080488  -0.98046184  2.3906674 ]
倚	[ 0.6275931   0.15474902 -1.8824996   1.6836894   0.33303323]
荫	[-0.1984094  -0.56557703 -1.0290419   0.911016    2.800707  ]
阵	[ 1.8463814 -2.1686695 -0.1410007  2.3105419  0.6657008]
伴	[ 5.3631717e-01  1.7982499e-01  9.1817379e-01 -1.7832619e+00
  1.7400905e-03]
角	[ 0.9737162   1.0514556  -0.49885938 -0.75552523 -1.3006636 ]
轩	[-0.08084407 -0.54135484 -0.96139663 -0.29867995  0.8610574 ]
汉	[ 0.21971583 -0.5305682   0.16935691  0.39956254 -0.3124682 ]
衔	[ 0.3844229  -0.7763008   1.2717693   0.06952045 -0.19778225]
强	[-0.41178018  0.6169068  -1.5722672  -0.14732392  0.20356731]
二	[-1.8965608   1.3068466   0.45917013  0.49480492  0.8283914 ]
荆	[ 0.581957   -0.54526854 -0.8911041   0.47239822 -0.17506984]
沉	[ 0.49279106 -0.47538012  0.15003204  0.37558344  1.5088226 ]
片	[-0.51743585 -0.7062008  -1.8026834   0.99586403  0.7485855 ]
萸	[-0.75694   -3.1770377 -0.8256687 -0.6506089 -0.9575634]
磴	[-1.2623197  -0.5919444   0.5871663  -0.7982578  -0.12735683]
隰	[ 0.01380392  0.17594646 -0.6221393   0.31732443 -0.8183318 ]
冻	[-2.882839  -2.4775157 -0.9411374 -1.6275365 -1.3188788]
斑	[ 0.8058343  -0.35099018  2.1455855  -1.4123557   0.51150984]
夫	[ 1.0541468  -1.7503984  -0.19396812 -0.81384945 -0.8071257 ]
往	[ 0.6584473   0.44762146  0.32510456 -0.47464964  1.0787194 ]
鸿	[ 0.4000002   0.6873232  -0.76663285 -0.91528314  1.2690442 ]
低	[-1.0103123  -2.3984308  -0.8937117  -0.6130656   0.81990963]
醁	[ 1.9056662  -0.02178818  2.6940014  -1.219986    0.3907016 ]
翦	[-0.5799077 -1.2845348 -1.1046788 -0.5937258  2.0774412]
禽	[ 1.2087842  -0.01153706 -0.20425268 -1.1339321   0.09802552]
诚	[-0.34788138  0.03534277  0.9080267   0.18414241 -0.92439723]
亡	[ 2.1989727  -0.02100269  0.13971737  0.62478095  1.2271637 ]
孙	[-0.9315659  -0.965963   -0.7316481  -0.02439685 -0.04449878]
旄	[ 0.16505966 -0.27914047  1.1210239  -0.07911167  0.21758318]
沴	[-1.3567063   0.9123647  -0.8089939   0.28419587 -0.40632474]
夏	[ 0.26166403 -0.05464128  0.65884864  0.6421386   1.2568471 ]
仍	[ 0.8198649   1.4994982   0.65546656 -0.44627187 -0.6213695 ]
袍	[ 0.83727854 -0.7033462  -1.5060675  -2.0472727  -0.95817614]
仪	[-0.11907786  0.7289829   0.13385671 -0.54321784 -1.8164424 ]
郁	[ 0.2642178  -0.42350417 -0.02159237 -1.0488337  -3.160044  ]
吟	[-0.28257525  1.7611787   0.7631958  -0.00379453  1.6303011 ]
词	[-0.98764944 -0.24654387 -1.0699532  -0.32498357 -1.1444706 ]
类	[-1.0096015   1.1873609   0.87929493  0.4056236   0.51602167]
疏	[ 1.8653153  -0.12459184  0.4114495   1.1645358   0.6351021 ]
纂	[-1.0643296  -1.072717    0.03340385  0.31872523  0.24027303]
隙	[-0.5366543  -1.1305164   0.02581856 -0.48845536 -0.169887  ]
加	[ 1.8422344  -1.1885949   0.19142032 -1.7915744  -0.05741922]
笼	[ 0.00909934  0.5938149  -1.2303691  -1.290881    2.1393096 ]
触	[-0.03112322  1.4838586  -0.84436816 -1.2158433  -0.76178604]
会	[-0.09935571  1.5704818   0.9671063  -1.4473306   0.21494508]
兔	[0.2885351  0.22819753 0.5858961  1.02965    1.4740542 ]
沧	[-0.63427085  0.27557778 -0.8345268  -0.5272596   1.104366  ]
铺	[ 0.89378595 -0.04069434 -0.30093637 -0.395973    1.1025813 ]
福	[ 0.20330417  0.2202455  -0.2650855   0.01184622  2.7671912 ]
液	[-1.1142755 -1.0499117  1.0202256 -2.0239456 -0.5623767]
五	[ 0.4555583  -2.0238433   0.00389707  0.90615475 -1.0072803 ]
怯	[ 1.2986885   0.03343335 -0.23096474  1.1187222   2.2660186 ]
散	[ 0.48746735 -0.43466908  0.6026798  -0.4368633  -0.7800922 ]
迁	[-1.5176961   1.0612041  -1.941287   -0.19987755  0.9710775 ]
阿	[-0.5346395  -1.1926986  -0.52642536 -0.04229883 -0.9385743 ]
论	[-0.98270977 -1.1701313  -0.19085696 -0.34570506 -0.2971694 ]
蓬	[ 0.30855417 -0.23703983 -2.3176413  -1.0073944  -0.5655506 ]
出	[-0.6515991  -0.5651664   0.8441753   1.3448502  -0.95318604]
筵	[-0.42386365  0.08207899 -0.37359664  0.56593204  0.46517792]
激	[-9.9489331e-01  4.0579098e-01 -5.3305548e-01 -1.0870397e-04
  2.2334697e+00]
将	[ 0.9263827   0.9609971  -0.65876305 -1.5314465   1.4163867 ]
席	[ 0.49025077 -0.3369559   1.0902991  -0.81543696  0.2759234 ]
胡	[-0.67320347 -0.39155775 -0.5582027   1.248544   -0.6645969 ]
回	[ 1.1923753  -0.65948385 -0.82483387 -1.0812298  -0.5289256 ]
落	[ 1.4300178   0.7878888  -0.18618163 -0.68003297 -0.3065361 ]
乏	[ 1.1298586   0.5283128  -1.1889131  -1.3328692   0.35235485]
中	[ 0.5125471  -0.79020846 -0.450707   -1.3207748   0.41198096]
色	[-0.30328393 -0.0038185   0.48915043 -0.18066818  0.83100605]
傥	[ 0.9097377  -0.66599977 -0.37148127 -1.0555851  -1.151849  ]
红	[-0.30184865  0.03431988 -0.71811974  0.5620286   1.171945  ]
欲	[-0.0216962   0.34312725 -0.67217326 -1.1693854   0.07362632]
畯	[ 0.47890157 -0.35872984 -0.30959845 -0.68971395 -0.2537078 ]
却	[ 0.43765318 -0.5953961  -0.9407815   0.760397   -0.6368257 ]
剑	[-1.2627476   0.12038143 -0.49720642  0.48452556 -0.41845444]
弓	[ 0.6034694  -0.36465305 -0.30606073 -0.07586458 -1.0526356 ]
妆	[-0.03274767 -0.53800666  0.03132075 -0.44368786  0.25903496]
律	[-1.9757303   0.02438587  0.57516354  1.0475605  -0.29630432]
湄	[ 2.2434547  -0.11301495  0.48697868 -0.5623369  -0.52356666]
淳	[ 0.20799077 -1.7703454  -0.28698772  0.44106954 -1.296195  ]
隔	[ 0.72459143 -0.8926607  -0.4485001  -0.78326684  0.5358007 ]
更	[-1.274911   -0.8886023  -0.2514718  -0.19406606  0.3266004 ]
南	[-0.44439602  0.55388546 -1.7250147   0.67789704 -0.03029244]
葵	[-1.7682242  -0.32827663  0.8328578  -1.4645675   0.7367749 ]
啼	[ 0.20628378  1.0920037  -1.8150439   1.2600288  -0.2431713 ]
听	[ 0.02226582 -0.29626876 -1.6196617  -0.43509096  1.1925178 ]
碣	[-0.29019994  0.6807036  -1.792642   -0.9892094   1.0458554 ]
鼓	[-0.69461113 -1.1369505  -0.9167547  -0.08310474 -0.1572591 ]
昏	[ 1.1379046  -1.3289443   0.16576712 -1.992005    0.92605495]
梁	[-0.63347095  0.22643064 -0.09107895  0.00664679 -0.4644675 ]
第	[ 1.0255145   0.6389983   0.2223014   1.313039   -0.08879698]
食	[ 0.5223188   0.21291362  0.4436054  -1.1689804   1.0104588 ]
幽	[-0.33050752  1.3129451   0.13402271  1.0012912  -1.3759705 ]
清	[-0.2885388  -0.28172505 -1.1865915   0.30199352  1.3942531 ]
隆	[-1.1495242   0.66520905  0.329459    1.2229413   1.218922  ]
戚	[-1.8269604   0.8825108   1.2055436   0.7265107   0.05393437]
瑶	[-0.20186095  0.7448762  -0.5905751   2.3467696   1.7912359 ]
爽	[-0.6568573  1.1835204  0.7291549  1.5914798  0.4303038]
旋	[-0.90145004 -0.3287562  -0.6974021   1.3786674  -1.8521217 ]
驾	[-0.02290469  0.14867328  0.62751263 -0.18677941 -0.10785786]
反	[ 0.7916926  -0.4004613   1.2922122   0.02763925  0.25956675]
擎	[ 0.05704909  0.762665   -0.24723622  0.37678808 -0.06873744]
钩	[-0.12131114 -1.3418195   0.14712742  1.0649983  -0.4439558 ]
腹	[-0.65015715  0.70157766 -1.5345085   0.05274721 -1.043105  ]
馀	[ 1.7218903  -0.71006304 -0.590165    0.27754074  0.69633716]
缀	[-0.09490892  0.6086744  -0.16879962  0.6169414   0.16606283]
弥	[-0.25250834  2.3553326   0.8233798   0.2315138  -2.4862049 ]
酬	[ 1.925273    0.6178467  -0.1246166  -0.55976284  1.2783005 ]
乘	[ 1.2017658   0.5613862  -0.04783893 -0.5110409   0.52593637]
蓟	[-0.18236269 -1.1574323  -0.8206932  -0.05836779 -2.5513103 ]
嗣	[-1.3029698  -0.6249633  -1.0677047   0.07800498 -0.5528327 ]
稀	[ 1.2627463   0.2635159   1.981263    0.30507818 -0.41853872]
蹄	[0.12390798 0.2723847  1.3615173  1.0962361  0.9959616 ]
东	[ 1.761105    0.00814095 -1.4623086   1.71149    -2.5280795 ]
连	[-0.13282277 -0.19973513 -0.02734643 -0.5634468  -0.48593035]
苑	[ 0.53265315 -0.26173714 -0.1822958  -0.95985204  0.25795233]
悬	[-0.03656839 -0.94360393  1.1243469  -0.5028506   1.3060105 ]
盈	[ 0.67343086  1.8725046  -0.30497077 -0.9072369  -0.8307448 ]
雄	[ 0.56736857 -0.76066965 -0.53322184  1.6542454  -0.00414043]
英	[ 0.9443535 -0.1641571 -1.512705  -0.6738854  1.1191225]
浓	[ 0.84244907 -0.39703304  0.510038    1.1581988  -0.48004618]
雁	[-1.3398496  -1.3370334  -0.89743984  1.1633613   0.1631188 ]
掩	[-0.16229846  0.11971544 -1.4257648  -0.9456254  -0.6573436 ]
侧	[ 0.02945839 -0.11995024 -0.7319437   0.10207301 -0.8648178 ]
池	[ 0.34728712 -0.45047653 -0.6280378   1.7264073  -0.19061351]
竟	[ 0.26958933 -1.2061499  -1.5188656  -0.00632408 -0.20890564]
励	[ 0.72086835 -0.53232944 -0.3985852   0.1057281   0.33637398]
关	[-0.5422666   0.12452205  1.2691711  -0.39457592  1.1339555 ]
忻	[ 0.6459942   0.50580317 -0.5703113   1.4402069  -1.2583233 ]
易	[-1.4218357  -0.11092268 -1.0583338   0.30538207  1.8959105 ]
皋	[-2.4429393   0.5489828  -2.4726963  -0.3174725  -0.30233705]
驱	[ 0.30269432 -1.0581286  -1.822032   -0.0157288  -1.2949486 ]
谁	[ 1.3596792  -1.0898569  -0.27711046  1.1385772  -0.19676334]
怆	[ 0.6664422   1.9815687   1.5746276  -0.39627558 -0.15785447]
沾	[-0.25125533 -1.3397021  -0.76936126  0.81001484  1.680847  ]
戒	[-0.6921647  1.106855  -1.4636365 -0.0363783 -1.2052956]
兢	[-0.91321623  0.07762031 -0.5175258  -0.03103664 -0.60356885]
赆	[ 0.5928493  -2.1059098   1.5253522  -0.99458724  0.23459533]
武	[-0.17326887 -1.353925   -0.47829998  0.24811459  0.1280709 ]
肉	[-0.7668801  -0.9832894  -0.43068385  1.6305187  -1.2371664 ]
元	[ 1.1131953  -1.6393818   0.18224779  0.51565623  0.23065263]
刹	[ 0.03070588  0.27914387 -0.33783218  0.02545778  0.54317313]
边	[ 0.34599793  2.7795818  -0.19995508  0.3787927  -0.02845187]
展	[1.4413518 0.8059231 0.0135431 0.8684081 1.1900645]
鲵	[ 0.94337404 -2.8663225   1.0482397  -3.0703733   0.3191813 ]
过	[ 0.47858053 -0.4714737   0.35627365  0.11786931 -0.7932815 ]
掌	[ 1.45408     0.12199907 -0.41737074  0.6451971   0.4741913 ]
司	[-0.9317341  -1.7447373   0.18483996 -0.00852973  0.5850718 ]
戈	[ 2.1596205  -0.41322368  0.6553201  -0.5443931   0.09415872]
晨	[-0.5419153   0.11235701 -0.05415877 -0.14591779  2.5919545 ]
梭	[-0.40919542 -1.2877575   0.22469053  0.7553998   0.80040914]
兵	[ 0.48164916 -0.13918628 -0.34449455 -1.2420194   0.34288448]
舟	[ 0.13263093  1.2376095  -0.74467283  0.89328134  0.31012645]
玩	[-0.26226258 -1.1829691  -0.2145741  -0.37771702  1.0636102 ]
甘	[-0.96192074 -0.4490506  -0.20797926  0.17588419 -0.31499994]
郑	[-1.5842083  -0.7363243   0.42802987 -0.49494472 -0.97217405]
梵	[ 0.9912257   0.58828646  1.2908735  -0.5127448   0.20297724]
或	[ 1.3392806  -0.33330214 -0.40381324  0.7743101  -0.15337753]
松	[-1.6377488  -0.42822725  0.3704691   1.1003503  -0.04299889]
绿	[ 0.617768    0.4693123   0.99275666  0.5369233  -1.5820652 ]
几	[ 0.32002825  0.88502026 -1.5878184  -1.6417128  -0.35088015]
记	[-0.08622752 -0.18738213  1.878211   -0.48388016  0.47338182]
结	[-0.74852043  1.1484495  -0.7964739   1.0199814  -1.117691  ]
虚	[ 0.5488463   0.94468427  0.7297586  -0.36338907  0.6374621 ]
神	[ 1.1523935   1.2612778  -0.03202225 -0.30367714 -1.3727472 ]
焰	[-0.6962777 -1.5317876  0.8937906  0.78527   -0.0223621]
常	[ 1.4455107  -1.7430011   0.25033066  0.67427576 -0.1492691 ]
姻	[-0.0439958   0.83529794  0.7945723   0.28907004  0.9399186 ]
腾	[-1.3581016   1.2819644  -1.3188092  -0.88161176  0.9252523 ]
击	[-1.4997405 -1.1749188  1.976046  -0.8400461 -1.1962013]
赫	[-0.11875166 -0.7187129   0.21449947  0.27699262 -1.5963674 ]
璇	[-0.13827701 -0.9225457  -0.2700034  -2.6250324  -0.68576306]
谈	[ 0.45516258  0.01915964  1.616384   -0.6095691  -0.9367112 ]
绕	[ 1.3198704  -0.47595555 -0.81321126  0.35861954  0.0443364 ]
缔	[-1.3044364  1.0136876  0.6022488  0.6398799  1.1887399]
戟	[-0.00706595 -0.48892128 -0.864564    0.46296972  0.44436327]
岳	[ 0.28352872 -2.091498    0.3635622   0.54745466  0.18581289]
张	[ 0.1486443  -0.6053833  -0.7811156  -0.37027404 -0.763363  ]
桑	[ 1.3277181  -1.2569132   0.8585356   0.0593323   0.24040484]
穆	[ 0.3455831  -2.165635   -0.4948621  -0.15869051  0.3215194 ]
惑	[-0.9148973   0.7423388   0.85669196  0.17280707 -0.83626235]
奢	[-1.4282839  -0.9938362  -0.33182222  0.3376159  -0.19248706]
睹	[ 0.01379972  0.63073134  0.21758288 -1.4034789  -1.2321467 ]
轨	[-0.65603715 -0.22120845 -0.11533668 -0.0800547   0.59044796]
径	[-0.23592    -0.44907385  0.2732054  -0.7208807   0.31292015]
丈	[ 0.12180249  1.2376908  -1.5545745  -1.0069009   1.0432304 ]
衷	[ 0.88599974 -1.4677364   0.62678534  0.7499383   0.8153301 ]
慨	[-1.4412776 -3.3018348 -1.1686058 -1.1892319  1.0911697]
点	[-0.24165468  0.30569148 -1.2688382  -0.5107734  -0.36475852]
魄	[ 0.8353389  -0.5578773   0.88534987  0.94172716  0.5712011 ]
嘱	[ 0.55351895  1.1244354  -0.01695806  0.03648702 -0.7664977 ]
墟	[ 2.0107424  -0.80754995 -0.3286046   0.16575602  0.48644263]
俯	[-0.40842593  0.5045944   1.1013719  -1.034934    0.5898066 ]
婺	[-0.7256352   0.62840277 -0.9601567  -0.89043087 -0.09058964]
暴	[-1.3075075 -1.2934964 -1.2498518 -0.6206928 -1.3599977]
再	[-0.5325652 -1.2438762  1.3424532 -2.6672976 -1.1222284]
披	[ 0.5125677   0.46519405 -0.97572416  2.2883387   1.781692  ]
生	[ 0.9182565  -0.6622179  -0.8756386   0.12844735 -0.75138545]
香	[ 0.41597039 -1.0406532  -2.9108024   1.1476927   0.17454162]
朱	[ 0.9286662   0.02948698 -0.36764625  0.1730631  -0.9162325 ]
逼	[-0.6724822  -0.04688957 -1.215333    2.1066241   1.2523565 ]
状	[ 1.0599107  -0.7458699  -0.8663305  -0.24142903 -0.8436995 ]
笥	[-0.11512998 -0.0767597  -1.0067039  -0.5228967   0.37027362]
随	[-0.7197694   1.1249043   1.8517476  -0.28962684  1.2354932 ]
涧	[ 0.3853703   0.18228124  0.13535005 -0.93127626  0.42176393]
阖	[ 0.46218795 -0.64051586 -0.36321324  0.96288216  0.42238942]
珰	[-1.1184043  -0.75237054 -0.06803805  0.35844907 -0.23733458]
暄	[-0.6334184  -0.9627698   0.10835434  0.06564496  0.94816047]
府	[ 0.23861668 -1.7216477   0.69475526 -0.04231926 -2.2717297 ]
掣	[ 0.9646045  -0.6309481   0.62827003 -0.49756038 -1.200653  ]
伤	[ 0.4909761   0.6352128  -0.63212794 -0.19337247 -1.1396132 ]
混	[ 0.31021094  1.9721457  -0.17808023 -0.12556233 -0.7702398 ]
辉	[ 0.09468621 -0.5733875   0.4496971  -0.49677062 -0.8507306 ]
预	[ 1.1209621  -0.48359966  0.5350237  -1.7035937   0.9513253 ]
忙	[-0.6320127   0.20950986  0.98452336 -0.11782837 -0.68037677]
玑	[-0.7700089  -0.62447226  0.7948791  -0.00675445 -0.30929437]
穷	[-1.6576866   0.9007075  -1.4176207   1.1814085  -0.33784625]
漾	[ 0.1799621   0.04805234  0.3377146   0.5468711  -0.6986365 ]
降	[-0.34145164  0.36637956  0.6648814  -0.39431965  0.7663306 ]
思	[ 1.4819777  1.0823216  0.4933969  0.3027562 -0.8165154]
惭	[-0.96562266 -0.7078808  -0.49814746  0.43327022 -0.72244143]
叹	[ 0.12612139 -1.7208627   1.4161774   0.08846172  0.9363214 ]
即	[ 1.1000926 -1.6167551  0.9583122  1.4783686  0.6279845]
孰	[-0.32046366 -0.67029643  0.6933274  -0.80572647 -0.931913  ]
裳	[ 1.6222812  -1.8486929   0.5194677   0.7827716  -0.37323606]
呈	[-0.08351099  0.05848522 -1.761621   -0.14163308 -0.74644876]
邑	[-0.7057911  1.6738441  0.6465306  1.485722  -1.050823 ]
驭	[ 0.44463485 -0.58716506 -1.3189886   0.02529918  1.3082774 ]
功	[ 0.6392835  -0.32917526  0.2605501  -0.7480595   0.10152599]
遐	[-0.03111106 -0.6669757   0.39186516  0.17830485  0.6744926 ]
根	[ 1.5253837  -0.32004926 -0.50475043 -0.11131947  0.19347546]
仿	[ 0.52889276 -1.9007908   1.9339375   1.5456338  -0.20720837]
芽	[-0.08167523  0.31056058  1.1128182  -0.8256237  -1.466392  ]
拂	[ 0.03324226  1.3531191   0.07811888  0.5531816  -2.2287345 ]
烈	[-1.0253407   0.42802906  1.8625015  -0.15876158 -0.5459122 ]
碧	[-0.7931505  -0.6671977   0.41193372 -1.009447    0.6886953 ]
凿	[ 0.47916585 -0.6811857   0.43486494  1.0932574   1.0444359 ]
跸	[ 0.70739955  0.17221387 -0.31017107 -0.90070426 -0.5438557 ]
难	[-0.5766901   0.25370693 -0.9467928  -0.41446638  0.13382682]
昨	[-0.10802497 -0.697741    0.57291424  0.25000638 -0.80000335]
严	[-0.83657426 -0.31493253  1.1816084   1.031062   -1.1795454 ]
外	[-0.9229069   0.36823416 -0.17128418 -0.76807606  1.2470075 ]
望	[ 0.9413287  -0.8010703   0.17583641  0.84783214  2.2035182 ]
凉	[-0.4209522   0.6522271   0.8822111  -0.25101742  1.2012497 ]
梦	[-0.40936458 -0.85352963  0.40411398  0.6259086  -1.0031508 ]
老	[-0.5430773  -0.62383795 -0.83594453 -2.3940134   0.73299384]
战	[ 0.7648088   0.07206157 -0.9780397   0.64309245  0.01029991]
驶	[-0.17701034  0.55687684  0.3146859   0.08975217  0.19267878]
熟	[ 1.3113568  -0.78947854  0.82269406  0.13654795 -0.37998205]
阙	[0.88092506 0.32767665 1.5529708  0.9060526  0.39825156]
饮	[ 1.564783   1.45822    0.8893295  1.5882281 -1.154295 ]
正	[-0.40648663 -0.5213388  -0.33611366  0.2512658   0.6619332 ]
衮	[-0.9316596  -1.1811296  -0.51761484  1.6151496  -0.8605242 ]
辞	[ 0.356922   -1.058121   -0.13542359 -0.15101764 -0.30993453]
昌	[ 0.12457199 -0.20850241 -0.17808147  0.03075152 -1.2897581 ]
炫	[-1.844967   -0.33725765 -1.7413074   1.5047817  -0.27362037]
作	[ 0.6679916  -0.6098816   0.9469245   0.02609425 -0.69507205]
弧	[-1.3412994  -0.54618746 -0.23208952 -0.4456794   1.9154196 ]
敛	[ 0.06119768 -1.4046581   0.22617543  0.9759474  -0.03482726]
朗	[-0.00473851  0.7703813   0.71596104  0.74572915  0.2069366 ]
房	[1.580994   0.63395566 1.4044949  0.9432478  1.0659411 ]
对	[ 1.2457687   0.09143595  0.32188216 -0.6936154  -1.7475846 ]
亭	[ 1.5180179  -1.4880899  -0.4132801  -1.1533437  -0.02849199]
兼	[-1.1642728 -1.7157923  0.5159823  0.8355814  0.8837156]
隋	[-0.27676857 -0.07168939  0.19267574  1.2612189   0.01482555]
凌	[-1.3758738   0.77276236 -0.8862254  -0.19462137 -0.1860716 ]
钱	[-1.3981031   0.08338076 -0.38913855  0.11190838  0.79088503]
粉	[-0.65071005  1.4609485  -0.6392432  -0.39463887  1.1496115 ]
厌	[-1.0482829 -0.5878406  1.6909255  1.3254567 -1.8530844]
况	[ 1.4351836   2.3422031   0.29982078  0.19991738 -0.0137976 ]
骊	[ 0.9008247  -0.23379081 -1.8336453   0.5320573  -0.03209277]
遽	[-1.2822884  -0.6253167  -0.49969637 -0.42355245  0.176697  ]
柏	[-1.3262572  -0.21484193 -0.3056093  -1.7366967   0.20628303]
城	[-0.21663211  1.0793597   0.07653074  0.47050178 -0.4135292 ]
运	[ 2.3647377 -1.273771   1.4299201 -0.6569264 -0.8466296]
杨	[ 1.6059984  -2.1936638  -0.532611    0.92047393 -0.5235711 ]
倾	[ 0.2047531  -1.1095164  -0.6654496  -0.9222163   0.23732632]
国	[-0.33130723 -0.79614353 -0.4650876  -0.33681276  0.4296809 ]
倦	[ 0.77662516  2.5056562   0.88184154 -1.0682313  -1.3069164 ]
茅	[-0.41950548  0.62654597 -0.3065302   0.28194383  1.8518488 ]
逢	[ 0.7834789   1.0511762   0.2467148  -0.09416743  0.5737568 ]
服	[ 0.6729951  -0.28287357 -0.66471577 -1.4203249  -0.18201664]
扇	[-0.2883535  -0.01547813  1.4158536  -0.4011523   1.0682437 ]
案	[ 1.5668411  -0.08791168 -0.30212554  1.2673378   1.037106  ]
纹	[ 6.3242018e-04  1.4213699e+00  4.4551763e-01 -7.3923576e-01
 -5.3726763e-01]
泪	[-0.3568604  -2.3471959  -0.76206255 -0.2050103   1.1214612 ]
升	[ 0.30313    -2.0408263   0.22544813 -0.10112492 -1.4940753 ]
士	[-0.1633987  -0.51324326 -1.2412007  -0.38872463 -0.16936779]
虑	[-0.37755865 -0.9412289   0.13910569 -0.4642689   0.10028329]
存	[ 1.6703441  -0.71417356 -1.0078466  -0.01572831 -0.32544625]
久	[-0.37327647 -1.7975302   0.6879883   0.81789213  0.05065834]
治	[ 0.60086477  0.21179496  1.2344726  -0.32543275  0.5702837 ]
条	[ 1.1128657  -0.5643537   0.33764696  1.5690498   1.2990762 ]
竭	[-0.15537496 -0.69489896 -0.09000356 -0.02988005  1.1174922 ]
滋	[ 1.9016348   0.38175613 -0.10888503 -1.3463535  -0.03935574]
肯	[-1.7317442   0.59135693  0.9275929   0.63366663  0.4360239 ]
皇	[-0.11400038 -0.92471695 -0.6010555   0.76011014  0.6194112 ]
高	[-1.0499637  -0.0062212  -0.01465626 -1.0122308   0.04242206]
□	[ 0.4703362  -0.01517572 -0.96358037  0.78508335 -0.90196395]
川	[0.6495723  0.35660207 0.4364001  1.3441006  0.4219825 ]
书	[ 0.46301526  0.30652457  0.8815996  -0.64329976 -0.92398846]
霓	[ 1.0209571   0.38565052  1.7749115  -0.83511794  0.30760854]
弼	[-1.1671133  0.7734827 -1.1336182 -1.259289  -0.8040879]
济	[ 0.33216977  0.7252384  -1.0348893  -0.6879241  -1.3640943 ]
佛	[ 0.46531218  1.4411556  -0.06811974  0.7521204   0.03839482]
峨	[-0.2922368   0.20201387 -0.17568308  0.52869    -1.3735379 ]
绣	[-1.4687096   0.30012643  0.45440224  0.59059894 -1.4367203 ]
虹	[-0.87966824 -1.5157939   0.24730662 -1.2939352  -0.5769166 ]
蛮	[-0.5454017  -1.4606572  -1.1880244  -0.30198026 -0.17100418]
湎	[ 1.1275668  -0.01389827 -0.25899425 -0.47769693 -0.893873  ]
鞍	[-0.51026666 -0.72952646  0.4906728   0.6740682  -0.3599832 ]
匮	[ 0.42753816  0.9444158  -0.7009069  -1.0739778  -1.0286261 ]
絮	[-1.4270599  -0.4537791  -0.18650746 -0.5505057   0.4549662 ]
窥	[-1.8407464  -0.31516635  0.05461309 -0.6406489   0.70119095]
处	[ 0.09904531 -0.99075425 -0.6391153   0.69784576 -0.9807755 ]
风	[ 0.13920178 -0.12724681  0.7921824   0.14148805 -0.46969315]
漠	[ 1.7480136   0.10572536 -0.13528983 -0.2817972   0.06220733]
涛	[-0.08969231 -0.7688101   2.4777064  -0.02378838 -0.22476253]
淑	[-0.52435654 -0.14315657 -0.5821101  -0.973529   -1.9135085 ]
艺	[ 0.4167307   0.40730768  0.17833574 -0.8758814  -0.6636563 ]
眉	[ 0.40446776 -0.37220478 -0.3937217   0.22107366 -1.5345914 ]
彭	[-0.2222354   0.09509216  0.743956   -0.46147376  2.126862  ]
陈	[-0.64567333  2.6345947   0.2915394  -0.51549    -0.12269535]
谷	[-0.56340784  1.1575044  -0.24125408  1.9181819  -0.20824456]
空	[-0.07508226  0.6780024  -0.85599035 -0.86088985 -0.37195712]
懿	[-1.2226857   0.31492501  0.01123824  0.7831693   0.01579623]
莲	[ 1.0047629  -0.07726875 -0.74067    -0.48984084  0.81056845]
谢	[-0.66010845  0.89838827  0.7401009   1.7672778   0.0137415 ]
缺	[-1.2673149   0.03259827 -1.6665022  -1.0425671   1.5230786 ]
钉	[-0.5209381   1.4872863  -0.83089864  0.01058403  0.9912388 ]
真	[-0.287982   -0.6071869  -1.369705    0.14273995  1.079288  ]
称	[-0.18001546 -1.6313889  -0.39828     0.34367055  0.42305103]
巢	[ 2.1366503  -0.59949136  0.5279054  -0.60114574 -0.16256648]
察	[ 1.2261373   0.07786493 -0.9079012  -0.48356897  0.8150677 ]
旆	[ 0.0389132  1.7295007 -1.7863448 -1.8956336 -1.0974226]
殪	[-0.7526026  -0.08687089  1.0245569  -1.8330265  -0.74165165]
劫	[-1.6840267  -1.4100477   0.07207833 -0.23788717 -0.20568153]
路	[ 0.3347026  -2.2380023  -0.71758544 -0.5335775  -0.9518341 ]
代	[-0.74894476 -1.4882312   0.6944028  -1.7122666   0.49188662]
音	[ 0.9616328   0.31795377 -0.46821973  1.0815456   0.694848  ]
折	[ 1.4652016  -1.9313626   0.44542435  0.9417765   0.7851796 ]
凫	[ 0.49043489 -0.4623165   0.12906851  0.6069331   1.1463658 ]
塘	[ 1.2245344   0.6029489   0.69498587 -0.6232961  -1.1719495 ]
藉	[-0.60692054  0.0475686  -0.67680246 -2.0823803   0.77164346]
十	[-0.23175295 -0.73009336  1.9388744  -0.68913585 -0.3508532 ]
莫	[-0.67392445 -0.5560238   1.5767574   0.31908038  1.0490764 ]
珪	[-0.21674354  0.0745002  -1.0680348   0.38277733  1.2392751 ]
插	[-0.28665012 -1.167805   -2.3986042   1.3909621   0.00944796]
韦	[-1.1358471  -2.4438822  -0.32202512 -0.1893489   0.5882643 ]
谏	[-0.14553957 -1.6479852   0.12027699 -0.13348547 -0.7444921 ]
克	[-0.9497038   0.20339338  0.8649688  -1.360694   -1.5632683 ]
波	[ 0.28615302  1.6343337  -0.26266462  0.15025467 -0.7038046 ]
韬	[ 1.8587085  -1.4804735   0.08761753 -1.5831383  -0.6559565 ]
自	[ 0.67854005  0.7287317  -1.8539387  -0.48348865  2.0300524 ]
楫	[-1.3232013   0.00774425 -0.8627545  -0.30942535  1.6461675 ]
槛	[-0.89858866 -1.0633262  -1.0250905   0.05997445 -0.7931628 ]
影	[0.9159811  0.14171623 0.46399    0.98277175 0.58226174]
人	[-0.8380184  -0.7615518  -0.03688154  0.09242158 -0.42440078]
哉	[ 0.0084187  -0.83514637 -0.95691264 -0.17531559  0.33792627]
缥	[ 0.0240882  -0.39816332  1.4892331  -0.23112585 -0.14837873]
王	[ 1.7775396   0.782269    0.2816861  -0.9732324  -0.32307857]
勿	[-2.7159474  -0.95691794  0.02409054 -1.4703331   0.34684888]
渭	[-0.24935143  0.12977017  0.27859646  0.12830225  0.37509775]
味	[ 1.0649776 -1.4826529 -1.3810514  0.9647362  0.8047778]
霜	[ 0.5224684  -0.11258975 -0.48165554 -1.495562   -0.456256  ]
纵	[ 0.33791274 -1.1022782  -1.0367714  -1.4445131   0.6506988 ]
罗	[ 0.21543704 -0.8626328  -0.9040576   0.5592141  -1.184142  ]
湿	[ 2.330779   -0.8415927   0.60936874  0.01459319  0.98543024]
堤	[-0.2342668   0.17119925  0.45524463 -0.43403566 -0.14841953]
始	[ 0.03134645  0.15040831 -1.625697   -0.0913312   0.3889049 ]
良	[ 0.98590547 -0.17539683 -1.0403012  -0.5618123  -1.6717395 ]
斜	[-0.23997234 -0.28354302 -0.13322408  1.068005   -0.08957218]
洁	[-0.25153697  0.24325223  1.2234927   0.2570096   0.8151935 ]
追	[-1.0607809   2.3964815  -1.8156565   0.52325064 -0.42718223]
历	[-0.50439495  0.6157955   1.0403109   0.69552743 -0.26874954]
帏	[ 1.4741166  -1.1799998   0.42089066  1.1952169  -1.1231068 ]
方	[ 1.2173839  -0.28136614  1.3092047  -0.65510035  1.8683265 ]
圃	[-0.1288351  -0.39179277 -0.3288631  -0.42016205 -1.3505894 ]
学	[ 1.1520913  -1.3953809  -0.46191967 -0.5337104  -1.1268784 ]
乱	[-0.06422968 -0.0490234  -0.14017802  1.6296153  -0.9182749 ]
氛	[ 1.2263107   1.3418545   0.9060601  -0.9088576  -0.10841133]
塞	[-0.76923543  0.30767506  1.0909114  -0.29434538  0.858874  ]
丝	[ 2.9246745 -1.9153895  0.5282738 -1.154931  -0.5689455]
帘	[ 0.9419238   1.4706506  -1.1300958  -0.82911015  1.1035169 ]
孤	[-0.6266336   0.610808   -0.01101392  0.56228256  0.18189242]
练	[ 0.43805695 -0.41208464 -0.07082104 -0.77456415  0.25737494]
余	[ 0.30853525 -0.7986764  -0.9465194  -1.1441805  -2.2331514 ]
藿	[-1.5238185   0.8829595   1.0615805   0.7346255   0.56748295]
玳	[-0.11444679 -1.5915666   1.5882102  -0.01444058  0.16351545]
识	[-1.2367296   0.34912425 -2.4769504  -0.8819794   0.7105741 ]
登	[-0.13917278 -0.5781864  -0.24946772 -0.22150892 -1.9024357 ]
蔓	[ 0.5916405   1.668608   -0.03391296 -0.8052717   0.30097753]
兴	[0.1005673  0.5308702  0.3520476  0.25809315 0.45692247]
薄	[ 0.3667692  -1.4783419   0.1106894   0.04675304  0.9186954 ]
法	[-1.6315594  -0.76566654 -1.132457    0.24549115 -1.603228  ]